0.000000000000000000e+00 2.212588054164974594e+01 3.694805662893028853e+01 3.641595676903691725e+01 3.545827442614914560e+01 3.637199219377894366e+01 3.288453432502680585e+01 3.345403256719644247e+01 3.517912028470001218e+01 3.582588822164034070e+01 3.474550452026343095e+01 3.401306232252511563e+01 3.129905856238135087e+01 3.218451579884928293e+01 3.702205112568838530e+01 3.734220452064299423e+01 3.525255560071973804e+01 3.436648110780505050e+01 3.392218958825259278e+01 3.404172120673273128e+01 3.955827552273833447e+01 3.749593445141430692e+01 3.436107014387902581e+01 3.388377573399061760e+01 4.086960704341019834e+01 3.671726175955557636e+01 3.669440581190556117e+01 3.959475205066455317e+01 3.621348865552343455e+01 3.696269801581298253e+01 3.902092668777159901e+01 4.049161875547721223e+01 3.331984843849019029e+01 3.333550973424310371e+01 3.995761336370568984e+01 3.639670569564489711e+01 3.995150156354653603e+01 4.109815596541647409e+01 3.752962555008281242e+01 3.803857887878015731e+01 3.931769723876401912e+01 4.087707589280910270e+01 4.187598301521078525e+01 4.072117136377456603e+01
2.212588054164974594e+01 0.000000000000000000e+00 3.604745986717714601e+01 3.480208922548808914e+01 3.281686658466698248e+01 3.382211027252504465e+01 3.128892472367810029e+01 3.302429371479550468e+01 3.575080369705648309e+01 3.573920274254118823e+01 3.221280850335017476e+01 3.181315990427538765e+01 2.838708686824071847e+01 2.920656733953293482e+01 3.608747739538110011e+01 3.645932573436087409e+01 3.428387448325295850e+01 3.314093210985502935e+01 3.371587262950993846e+01 3.309887691489659289e+01 3.897981457677921924e+01 3.626498952975033774e+01 3.224344017618249580e+01 3.158220879965652372e+01 3.968440070075063630e+01 3.667469979080892273e+01 3.723908736104498729e+01 3.826579281720055548e+01 3.425784355379838075e+01 3.273785402646709031e+01 3.730210274436292650e+01 4.030303455584053296e+01 3.207402857435112509e+01 3.196592066950000444e+01 3.843934773444961195e+01 3.583642856550214617e+01 3.724491801136575475e+01 3.895102126643298845e+01 3.640617175871069122e+01 3.638410912972896227e+01 3.591713982170712427e+01 3.847847846080625089e+01 4.247769156823712677e+01 4.199241829713663066e+01
3.694805662893028853e+01 3.604745986717714601e+01 0.000000000000000000e+00 2.060188823634984345e+01 3.634239921534314277e+01 3.669427717271639722e+01 3.123563282121430618e+01 3.108452527164416779e+01 3.384282077964151370e+01 3.385476835793941319e+01 3.414749026609326421e+01 3.309077387444484231e+01 3.694212238150326755e+01 3.710840693496909637e+01 3.571699859083278739e+01 3.447423512620310504e+01 3.347212809095501029e+01 3.323964636576185683e+01 3.734500924724207493e+01 3.869931040421828072e+01 3.513020721668383572e+01 3.506141644055217910e+01 4.014284686861276441e+01 3.634806819456510141e+01 3.518173610854695710e+01 3.570291343166589115e+01 3.746199757319960355e+01 3.972173928605665338e+01 3.707870358913652353e+01 3.610981232223790727e+01 3.771623741044240319e+01 3.976021190595992039e+01 3.726054599080984531e+01 3.718530136639090244e+01 4.142045632764454410e+01 3.849515972123825946e+01 4.001585493970663521e+01 4.031307673786462686e+01 3.751178964449351128e+01 3.584225187416640068e+01 4.294882228362525467e+01 4.085498361795686151e+01 3.671016411172608684e+01 3.915437770753080571e+01
3.641595676903691725e+01 3.480208922548808914e+01 2.060188823634984345e+01 0.000000000000000000e+00 3.443972076467131416e+01 3.468984715209693093e+01 3.256003070082666540e+01 3.128564032280137042e+01 3.492922494286820978e+01 3.446410035699379648e+01 3.269582702742288660e+01 3.124382343826059127e+01 3.641277370574172068e+01 3.687629663371062350e+01 3.489262320614454893e+01 3.385686086843034559e+01 3.398436055416816259e+01 3.333009982784721359e+01 3.753614200494530451e+01 3.889421445159261737e+01 3.422547928867685130e+01 3.401921506095428072e+01 4.119206852125998353e+01 3.670668807811284751e+01 3.654078224927907570e+01 3.641615576167707502e+01 3.699112302050644274e+01 3.978546732829090615e+01 3.761163154360599492e+01 3.649991675263500213e+01 3.898507969740042256e+01 4.098881501276049732e+01 3.768205901509679023e+01 3.808695969449008345e+01 4.122126031689469983e+01 3.738716752609090577e+01 4.117105437441257720e+01 4.174287290749514767e+01 3.788725535612573481e+01 3.597755772363390747e+01 4.177769708374606950e+01 4.112142254725814894e+01 3.770681083515628984e+01 3.817304412779520106e+01
3.545827442614914560e+01 3.281686658466698248e+01 3.634239921534314277e+01 3.443972076467131416e+01 0.000000000000000000e+00 1.919103127555858990e+01 3.369578951420461976e+01 3.508118846979968453e+01 3.654242946434541750e+01 3.596159385377634976e+01 3.169132205390678791e+01 3.133300026216443257e+01 3.071712182082493570e+01 3.070831288560381722e+01 3.721699108683527868e+01 3.654937446557604375e+01 3.215695074218636762e+01 3.306750373222646289e+01 3.617581136405286912e+01 3.571348972451645665e+01 2.959205451426079136e+01 2.826721902980536427e+01 3.997442527905212017e+01 3.804477780111344742e+01 3.955719253979506078e+01 3.708918419813800682e+01 3.619999180303786090e+01 3.589202276728664032e+01 3.684483524050349956e+01 3.488192295639199614e+01 3.775467888195759514e+01 4.122469390711015080e+01 3.541936628056716785e+01 3.523037163761220114e+01 4.121308890521310531e+01 3.732200926393699092e+01 3.957004126525163201e+01 3.968170198612812527e+01 3.358625626709221024e+01 3.417657495686789559e+01 3.742806554583645351e+01 4.156264053015964777e+01 4.002617253813424725e+01 4.034090698553384868e+01
3.637199219377894366e+01 3.382211027252504465e+01 3.669427717271639722e+01 3.468984715209693093e+01 1.919103127555858990e+01 0.000000000000000000e+00 3.390725998993989521e+01 3.599024408561643185e+01 3.643428565315487333e+01 3.623153244753024183e+01 3.184485101268647966e+01 3.051303886260835796e+01 3.059245989107345309e+01 3.142702871588906532e+01 3.724525664034323569e+01 3.689079948540219789e+01 3.196495476796098956e+01 3.256284396598331199e+01 3.562709512801583855e+01 3.507243986062137964e+01 2.743222510531177250e+01 2.605226991725215768e+01 4.086611305366731273e+01 3.881023284040077215e+01 4.072153396428642935e+01 3.861249835801285002e+01 3.676955146197277458e+01 3.641618788850690436e+01 3.790262328815511239e+01 3.610863217082368237e+01 3.977015172921856845e+01 4.286101902607965997e+01 3.656769261371802315e+01 3.702996265455056601e+01 4.126144395689648547e+01 3.701703128353818073e+01 4.016800289804838542e+01 4.147999609570667445e+01 3.506404521856424594e+01 3.460306529824715227e+01 3.882523810814383580e+01 4.237254733043495492e+01 4.077258035312485873e+01 4.161317227086406234e+01
3.288453432502680585e+01 3.128892472367810029e+01 3.123563282121430618e+01 3.256003070082666540e+01 3.369578951420461976e+01 3.390725998993989521e+01 0.000000000000000000e+00 2.185629951622079759e+01 3.067814213645620924e+01 3.121634980260075665e+01 3.304338285413953713e+01 3.266186533031721950e+01 3.320168549245916978e+01 3.370855763957642637e+01 3.312998116590079434e+01 3.389071683927148371e+01 3.233616839556381706e+01 3.184894194403179313e+01 3.100627974843898826e+01 3.092761258815527015e+01 3.775122670990871399e+01 3.626190259828824480e+01 3.707788565948612103e+01 3.451857261666561527e+01 3.712757185053894915e+01 3.431849053478003242e+01 3.557200787234775419e+01 3.738888685575339110e+01 3.075736117291556937e+01 2.869579521636910613e+01 3.152049025663046322e+01 3.420688792023049984e+01 3.475797319828370036e+01 3.405006060450865846e+01 3.849959129448318151e+01 3.654264486821236346e+01 3.514229164879552769e+01 3.772730983162249885e+01 3.339576132355787053e+01 3.378579845413360516e+01 3.389215115825507496e+01 3.738937616675980280e+01 3.654385221296139008e+01 3.784787130768940244e+01
3.345403256719644247e+01 3.302429371479550468e+01 3.108452527164416779e+01 3.128564032280137042e+01 3.508118846979968453e+01 3.599024408561643185e+01 2.185629951622079759e+01 0.000000000000000000e+00 3.247009563353408623e+01 3.120763213598339192e+01 3.241933864605050530e+01 3.224058182156376517e+01 3.351284720890639335e+01 3.361805715484202750e+01 3.290947944872178255e+01 3.267592494157741356e+01 3.248568143068688840e+01 3.233087878400388604e+01 3.246762525553257461e+01 3.227142215458211183e+01 3.745620870193258156e+01 3.690932914883378402e+01 3.803974507650885073e+01 3.507493372769700812e+01 3.539486899018983479e+01 3.329243014350950602e+01 3.622137061008894676e+01 3.972507798239661270e+01 3.235866971104016443e+01 2.979022808649212806e+01 3.283323591334777802e+01 3.569429061786672008e+01 3.432824399798569459e+01 3.366732755923052167e+01 4.046656153325844940e+01 3.636512145440578792e+01 3.458145264633321858e+01 3.664943648630199391e+01 3.337153975351775870e+01 3.169632036717010948e+01 3.564474227488346258e+01 3.818616742263162678e+01 3.657737429423222864e+01 3.784075572847758906e+01
3.517912028470001218e+01 3.575080369705648309e+01 3.384282077964151370e+01 3.492922494286820978e+01 3.654242946434541750e+01 3.643428565315487333e+01 3.067814213645620924e+01 3.247009563353408623e+01 0.000000000000000000e+00 2.085277222676394970e+01 3.639795201194839080e+01 3.619441052279832149e+01 3.366546835340344046e+01 3.365670314453996781e+01 3.518847713789742215e+01 3.582531167040674092e+01 3.363001022138217166e+01 3.215350460879325567e+01 3.606625668818742980e+01 3.585983870309375021e+01 3.610863323744838027e+01 3.520256266125169020e+01 4.091872158339087662e+01 3.874693638031688181e+01 4.160563284978174181e+01 3.914504441367913046e+01 3.784492500009935867e+01 4.052403912005225806e+01 3.825478338650505350e+01 3.686342691818057205e+01 3.174108254998268919e+01 3.163006016947505117e+01 3.908499271958679344e+01 3.895369143454058758e+01 4.014132167276476792e+01 3.681120427063638800e+01 3.711142698950891372e+01 3.882810592618951517e+01 3.595836001785762193e+01 3.526947510633600302e+01 3.882069191776038508e+01 4.303004866770400838e+01 3.849685974398158805e+01 4.068150546584484317e+01
3.582588822164034070e+01 3.573920274254118823e+01 3.385476835793941319e+01 3.446410035699379648e+01 3.596159385377634976e+01 3.623153244753024183e+01 3.121634980260075665e+01 3.120763213598339192e+01 2.085277222676394970e+01 0.000000000000000000e+00 3.566010921315896809e+01 3.549092105106969086e+01 3.375268382216918894e+01 3.383241105761884171e+01 3.601120043109130364e+01 3.674948390826866529e+01 3.524320267608565160e+01 3.364819405662203877e+01 3.692207673915566346e+01 3.565881697831253661e+01 3.430731372404174095e+01 3.373057742310451346e+01 4.011858178391834429e+01 3.863396279416187440e+01 3.969277518551112394e+01 3.936252540935443989e+01 3.774964115425603950e+01 4.116677063121854019e+01 3.773643208283804995e+01 3.686048787928272930e+01 3.223283499463735069e+01 3.148280890626845263e+01 3.841031661746998083e+01 3.832506912538804755e+01 4.036246279813948945e+01 3.616925513994396368e+01 3.702904794064732386e+01 3.826822990013739911e+01 3.685600381208471532e+01 3.533585306996135955e+01 3.946464150910252755e+01 4.292905033340586840e+01 3.742351597363258975e+01 3.960223615726968660e+01
3.474550452026343095e+01 3.221280850335017476e+01 3.414749026609326421e+01 3.269582702742288660e+01 3.169132205390678791e+01 3.184485101268647966e+01 3.304338285413953713e+01 3.241933864605050530e+01 3.639795201194839080e+01 3.566010921315896809e+01 0.000000000000000000e+00 1.890473229161121793e+01 3.112821354929590001e+01 3.106531223866246094e+01 3.423196449139167896e+01 3.346681425692815992e+01 3.205801228828805449e+01 3.252435617286297997e+01 3.592666999227557767e+01 3.711564638209316769e+01 3.761074973518432074e+01 3.743726370146764992e+01 3.861467000277229289e+01 3.647222625272846841e+01 3.872731825072619216e+01 3.729273673951566082e+01 3.815873646862733892e+01 3.989426676842559516e+01 3.486463475487441599e+01 3.386772392545763921e+01 3.789061844100231724e+01 4.181761233283204149e+01 3.302981075963947433e+01 3.255342764909307363e+01 3.873272994860948870e+01 3.684329241192485682e+01 3.655116454657099467e+01 3.789203579044953329e+01 3.296855582564764831e+01 3.201485875777384393e+01 3.947734881886042757e+01 4.202659217284948312e+01 4.127505605762023322e+01 4.341631162397111154e+01
3.401306232252511563e+01 3.181315990427538765e+01 3.309077387444484231e+01 3.124382343826059127e+01 3.133300026216443257e+01 3.051303886260835796e+01 3.266186533031721950e+01 3.224058182156376517e+01 3.619441052279832149e+01 3.549092105106969086e+01 1.890473229161121793e+01 0.000000000000000000e+00 3.032896260103075292e+01 3.099909189019965083e+01 3.432878206563641754e+01 3.368589403950254280e+01 3.223915789328920312e+01 3.170903326106946807e+01 3.546638639538370086e+01 3.703051152280166747e+01 3.735406111011351271e+01 3.707271249501381760e+01 3.746052447542592745e+01 3.532734686237439092e+01 3.792183607021395630e+01 3.590758079310889173e+01 3.718857268596102017e+01 3.830052647802867227e+01 3.402384990923365393e+01 3.289888373977933611e+01 3.814817052556744414e+01 4.146590254434303091e+01 3.209241633650039915e+01 3.116597223296872343e+01 3.886324224763350799e+01 3.682667330652324011e+01 3.663840374136439948e+01 3.899772879986630159e+01 3.272540736939561157e+01 3.214613256442233791e+01 3.850635665882946768e+01 4.080533413788959507e+01 4.013715202818421801e+01 4.262314871241545688e+01
3.129905856238135087e+01 2.838708686824071847e+01 3.694212238150326755e+01 3.641277370574172068e+01 3.071712182082493570e+01 3.059245989107345309e+01 3.320168549245916978e+01 3.351284720890639335e+01 3.366546835340344046e+01 3.375268382216918894e+01 3.112821354929590001e+01 3.032896260103075292e+01 0.000000000000000000e+00 1.970634379145811721e+01 3.331495194799072834e+01 3.360811719967263400e+01 3.187767694287489917e+01 3.153495148469345821e+01 3.455605345109862725e+01 3.494367208379099310e+01 3.418858782310483946e+01 3.199080096548284402e+01 3.858324890782473204e+01 3.604150079222144853e+01 3.906459306872854143e+01 3.649441414418812712e+01 3.544932226557465782e+01 3.867436289749650768e+01 3.687153028064300742e+01 3.540409904599029289e+01 3.752306041347671339e+01 4.084536037478937232e+01 3.264626554906188716e+01 3.265355004127418681e+01 3.524418193333994509e+01 3.228194847896293140e+01 3.597612810762167612e+01 3.760844623103127304e+01 3.408585220739134769e+01 3.409652196192597273e+01 4.007191191813082298e+01 3.983326968626012388e+01 4.089211703884539162e+01 4.188162101672293858e+01
3.218451579884928293e+01 2.920656733953293482e+01 3.710840693496909637e+01 3.687629663371062350e+01 3.070831288560381722e+01 3.142702871588906532e+01 3.370855763957642637e+01 3.361805715484202750e+01 3.365670314453996781e+01 3.383241105761884171e+01 3.106531223866246094e+01 3.099909189019965083e+01 1.970634379145811721e+01 0.000000000000000000e+00 3.421441791399349341e+01 3.475673073572254168e+01 3.297868977735234353e+01 3.265995915637821412e+01 3.519720102612897250e+01 3.442182660662425064e+01 3.437567081250459466e+01 3.114116126884009716e+01 3.948580327793353462e+01 3.643340737033241794e+01 3.974813332801002019e+01 3.755954703345985735e+01 3.666082366352176791e+01 3.883328865707623123e+01 3.731292404409573749e+01 3.597260999007288973e+01 3.814043150556273787e+01 4.161880965059806670e+01 3.432297325394753074e+01 3.394296684854058554e+01 3.676407032160904720e+01 3.387513399677121129e+01 3.643794590971903347e+01 3.831594751406805699e+01 3.460370939864658624e+01 3.446405079298832419e+01 4.027391372100727551e+01 4.088965189125933364e+01 4.131014558640300294e+01 4.290590021231789564e+01
3.702205112568838530e+01 3.608747739538110011e+01 3.571699859083278739e+01 3.489262320614454893e+01 3.721699108683527868e+01 3.724525664034323569e+01 3.312998116590079434e+01 3.290947944872178255e+01 3.518847713789742215e+01 3.601120043109130364e+01 3.423196449139167896e+01 3.432878206563641754e+01 3.331495194799072834e+01 3.421441791399349341e+01 0.000000000000000000e+00 2.196081074364032659e+01 2.932721776049507056e+01 2.863820681624603992e+01 3.188473252965557236e+01 3.301345994246941729e+01 3.900949736412671598e+01 3.758473715521988368e+01 4.525237410537199167e+01 4.303847008600158119e+01 3.817140894661749684e+01 3.753936805411860433e+01 3.979438092447723108e+01 4.255253931196492800e+01 3.688172254243674075e+01 3.473657662618688846e+01 3.697965007598840259e+01 3.998103791861994694e+01 3.997704795720164128e+01 3.959718454254087305e+01 3.929957670644551371e+01 3.732489806129315468e+01 3.087567649736588749e+01 3.148632969715210450e+01 3.383805985863279631e+01 3.472660952073812979e+01 3.969142464864084729e+01 3.657180971657962942e+01 4.264045178397385172e+01 4.299780404455933080e+01
3.734220452064299423e+01 3.645932573436087409e+01 3.447423512620310504e+01 3.385686086843034559e+01 3.654937446557604375e+01 3.689079948540219789e+01 3.389071683927148371e+01 3.267592494157741356e+01 3.582531167040674092e+01 3.674948390826866529e+01 3.346681425692815992e+01 3.368589403950254280e+01 3.360811719967263400e+01 3.475673073572254168e+01 2.196081074364032659e+01 0.000000000000000000e+00 3.087689942641823748e+01 3.070600943544828709e+01 3.274890542785583847e+01 3.349228936588376371e+01 3.816260664021746152e+01 3.843766664370010488e+01 4.475811698898987601e+01 4.221599098564495023e+01 3.800664246187216833e+01 3.716857245948839505e+01 4.051262475686856135e+01 4.251506786611987110e+01 3.645792001967247131e+01 3.432994015484960215e+01 3.743292838322233962e+01 3.997478329485139170e+01 3.957308004646951360e+01 3.967860198517661274e+01 3.941145585798078343e+01 3.767127457196073692e+01 3.080698735054407678e+01 3.119146267641416514e+01 3.331767889395943172e+01 3.382468918491876764e+01 3.997350422359794919e+01 3.613899346494232390e+01 4.223654147248980451e+01 4.296325137559066576e+01
3.525255560071973804e+01 3.428387448325295850e+01 3.347212809095501029e+01 3.398436055416816259e+01 3.215695074218636762e+01 3.196495476796098956e+01 3.233616839556381706e+01 3.248568143068688840e+01 3.363001022138217166e+01 3.524320267608565160e+01 3.205801228828805449e+01 3.223915789328920312e+01 3.187767694287489917e+01 3.297868977735234353e+01 2.932721776049507056e+01 3.087689942641823748e+01 0.000000000000000000e+00 2.001733530550894002e+01 3.673645319524741382e+01 3.700488245945155796e+01 3.361003123907779866e+01 3.365634268897907333e+01 4.239080719240746475e+01 3.861982840846774678e+01 3.904420678415590373e+01 3.553663252678318685e+01 3.986004478404622375e+01 4.136465201998645824e+01 3.600525109280460612e+01 3.359118797525304245e+01 3.775525966042815895e+01 3.938926734898834781e+01 3.647120508999284993e+01 3.604096206177106865e+01 4.143305012485937766e+01 3.804778478912513151e+01 3.654348043080994302e+01 3.879309135678388287e+01 3.369135506766292565e+01 3.332213769005374360e+01 3.935001184211815684e+01 4.199791561527335659e+01 4.200159699712829564e+01 4.389766949597729706e+01
3.436648110780505050e+01 3.314093210985502935e+01 3.323964636576185683e+01 3.333009982784721359e+01 3.306750373222646289e+01 3.256284396598331199e+01 3.184894194403179313e+01 3.233087878400388604e+01 3.215350460879325567e+01 3.364819405662203877e+01 3.252435617286297997e+01 3.170903326106946807e+01 3.153495148469345821e+01 3.265995915637821412e+01 2.863820681624603992e+01 3.070600943544828709e+01 2.001733530550894002e+01 0.000000000000000000e+00 3.545374777495270990e+01 3.613508727204045101e+01 3.468309833097038108e+01 3.407444643710200438e+01 4.086361987478191082e+01 3.753218605863472135e+01 3.838957296816094100e+01 3.569888808222918186e+01 3.922483736421399669e+01 4.168441290052285808e+01 3.601479983108874450e+01 3.405309650152524625e+01 3.719560800556842395e+01 3.870171307848664810e+01 3.668798741104177452e+01 3.625351928501353882e+01 4.060953078890887014e+01 3.740170128501215885e+01 3.604763184406814958e+01 3.850220415875988067e+01 3.330570825779710731e+01 3.336736220398624653e+01 3.882689749502246457e+01 4.133755875400291302e+01 4.122190121334382695e+01 4.272094047546828932e+01
3.392218958825259278e+01 3.371587262950993846e+01 3.734500924724207493e+01 3.753614200494530451e+01 3.617581136405286912e+01 3.562709512801583855e+01 3.100627974843898826e+01 3.246762525553257461e+01 3.606625668818742980e+01 3.692207673915566346e+01 3.592666999227557767e+01 3.546638639538370086e+01 3.455605345109862725e+01 3.519720102612897250e+01 3.188473252965557236e+01 3.274890542785583847e+01 3.673645319524741382e+01 3.545374777495270990e+01 0.000000000000000000e+00 2.169099777677618235e+01 3.867307482658707585e+01 3.666799014169597370e+01 4.436597822433623861e+01 4.153588294793238589e+01 4.042863432116368472e+01 3.682489533275634841e+01 4.078208418764456411e+01 4.192846331298716933e+01 3.664764160618134525e+01 3.485858393893836649e+01 3.667454014835999487e+01 3.991732751302868110e+01 3.920772743639745528e+01 3.903305199034165440e+01 4.348719349176680993e+01 4.089197493576219955e+01 3.562362994381840053e+01 3.664800396940241711e+01 3.656105475863819265e+01 3.857330082480731193e+01 3.294249121263866442e+01 3.173959979219656091e+01 4.280343437928286221e+01 4.351500058584061037e+01
3.404172120673273128e+01 3.309887691489659289e+01 3.869931040421828072e+01 3.889421445159261737e+01 3.571348972451645665e+01 3.507243986062137964e+01 3.092761258815527015e+01 3.227142215458211183e+01 3.585983870309375021e+01 3.565881697831253661e+01 3.711564638209316769e+01 3.703051152280166747e+01 3.494367208379099310e+01 3.442182660662425064e+01 3.301345994246941729e+01 3.349228936588376371e+01 3.700488245945155796e+01 3.613508727204045101e+01 2.169099777677618235e+01 0.000000000000000000e+00 3.955447823414493769e+01 3.599488179631903506e+01 4.389827983287666768e+01 4.066405349188075036e+01 4.022700824955503407e+01 3.795289715906529437e+01 4.124659601919060492e+01 4.314196344182731480e+01 3.615828802761008376e+01 3.357910277940177934e+01 3.537719889472322166e+01 3.799880016810350014e+01 4.003570227891053435e+01 3.998074482317175438e+01 4.408476388750660391e+01 4.089852617122859613e+01 3.530974680330195525e+01 3.640915938868756996e+01 3.697606382550695514e+01 3.834863184251765489e+01 3.354123748391964455e+01 3.450096955118907971e+01 4.311457792843696524e+01 4.349244994841277645e+01
3.955827552273833447e+01 3.897981457677921924e+01 3.513020721668383572e+01 3.422547928867685130e+01 2.959205451426079136e+01 2.743222510531177250e+01 3.775122670990871399e+01 3.745620870193258156e+01 3.610863323744838027e+01 3.430731372404174095e+01 3.761074973518432074e+01 3.735406111011351271e+01 3.418858782310483946e+01 3.437567081250459466e+01 3.900949736412671598e+01 3.816260664021746152e+01 3.361003123907779866e+01 3.468309833097038108e+01 3.867307482658707585e+01 3.955447823414493769e+01 0.000000000000000000e+00 2.200550640570628147e+01 4.599382011490300215e+01 4.174411063128598443e+01 4.244856332375364616e+01 4.225712174805727983e+01 4.224236358933932678e+01 4.376164275928440617e+01 4.195762960284013587e+01 4.129770300792425530e+01 4.322661205512375204e+01 4.371324786393009987e+01 4.181622084688999053e+01 4.232388048285738336e+01 4.412305751868998982e+01 3.938574044929873708e+01 4.203175986857456792e+01 4.239686430038587162e+01 3.707876953409188303e+01 3.691809731739460432e+01 4.238199705508944959e+01 4.579127028149074619e+01 4.380151351846760122e+01 4.375163245525610733e+01
3.749593445141430692e+01 3.626498952975033774e+01 3.506141644055217910e+01 3.401921506095428072e+01 2.826721902980536427e+01 2.605226991725215768e+01 3.626190259828824480e+01 3.690932914883378402e+01 3.520256266125169020e+01 3.373057742310451346e+01 3.743726370146764992e+01 3.707271249501381760e+01 3.199080096548284402e+01 3.114116126884009716e+01 3.758473715521988368e+01 3.843766664370010488e+01 3.365634268897907333e+01 3.407444643710200438e+01 3.666799014169597370e+01 3.599488179631903506e+01 2.200550640570628147e+01 0.000000000000000000e+00 4.329675270457914849e+01 3.923299414249886041e+01 4.223275279870998844e+01 4.073901201581206521e+01 3.948383372926367230e+01 3.975787590030656560e+01 4.091705068322531957e+01 3.931555685146152257e+01 4.064351593520935069e+01 4.227951205438375126e+01 4.048230382362270774e+01 4.061664606573411618e+01 4.094382965868278035e+01 3.597896098865234649e+01 4.319108479746538620e+01 4.403444844578003625e+01 3.799839649865721469e+01 3.761322207686257002e+01 4.055077073443880664e+01 4.418198067026082043e+01 4.158429695387197000e+01 4.120787177735927287e+01
3.436107014387902581e+01 3.224344017618249580e+01 4.014284686861276441e+01 4.119206852125998353e+01 3.997442527905212017e+01 4.086611305366731273e+01 3.707788565948612103e+01 3.803974507650885073e+01 4.091872158339087662e+01 4.011858178391834429e+01 3.861467000277229289e+01 3.746052447542592745e+01 3.858324890782473204e+01 3.948580327793353462e+01 4.525237410537199167e+01 4.475811698898987601e+01 4.239080719240746475e+01 4.086361987478191082e+01 4.436597822433623861e+01 4.389827983287666768e+01 4.599382011490300215e+01 4.329675270457914849e+01 0.000000000000000000e+00 2.213167458092770090e+01 4.329925121665874599e+01 4.138724987866400085e+01 3.628578453422138494e+01 3.768124590462767287e+01 3.828961086644540757e+01 3.560274550915816150e+01 3.923674886177479948e+01 4.343400907732505800e+01 3.194344490171779327e+01 2.977382395864286835e+01 3.668740504816601344e+01 3.634015912536368376e+01 4.041420616158971058e+01 4.410283025037405480e+01 4.015885687964264150e+01 3.826749352213434463e+01 3.947057851962155439e+01 4.292469157663137480e+01 4.173627153029531911e+01 4.252986427672060898e+01
3.388377573399061760e+01 3.158220879965652372e+01 3.634806819456510141e+01 3.670668807811284751e+01 3.804477780111344742e+01 3.881023284040077215e+01 3.451857261666561527e+01 3.507493372769700812e+01 3.874693638031688181e+01 3.863396279416187440e+01 3.647222625272846841e+01 3.532734686237439092e+01 3.604150079222144853e+01 3.643340737033241794e+01 4.303847008600158119e+01 4.221599098564495023e+01 3.861982840846774678e+01 3.753218605863472135e+01 4.153588294793238589e+01 4.066405349188075036e+01 4.174411063128598443e+01 3.923299414249886041e+01 2.213167458092770090e+01 0.000000000000000000e+00 4.021673736099446472e+01 3.935575352976081120e+01 3.620968971138365333e+01 3.734676217063076109e+01 3.761600341274312598e+01 3.516507990940390727e+01 3.788768345978228069e+01 4.135691377145342784e+01 3.190435872614206758e+01 3.148552334313219347e+01 3.567029213684015332e+01 3.595309012770023571e+01 3.964818646035919159e+01 4.181569751452636297e+01 3.763796719461100082e+01 3.619546905163686290e+01 3.809309896269230933e+01 4.167518972725931548e+01 3.935893171971161308e+01 3.894053299683005065e+01
4.086960704341019834e+01 3.968440070075063630e+01 3.518173610854695710e+01 3.654078224927907570e+01 3.955719253979506078e+01 4.072153396428642935e+01 3.712757185053894915e+01 3.539486899018983479e+01 4.160563284978174181e+01 3.969277518551112394e+01 3.872731825072619216e+01 3.792183607021395630e+01 3.906459306872854143e+01 3.974813332801002019e+01 3.817140894661749684e+01 3.800664246187216833e+01 3.904420678415590373e+01 3.838957296816094100e+01 4.042863432116368472e+01 4.022700824955503407e+01 4.244856332375364616e+01 4.223275279870998844e+01 4.329925121665874599e+01 4.021673736099446472e+01 0.000000000000000000e+00 2.434732508951258723e+01 4.005246989024873017e+01 4.234426506570177651e+01 3.519120646023676358e+01 3.196171180321098859e+01 3.506921123704372434e+01 3.915528370256032531e+01 3.795000879699331620e+01 3.725920933950794023e+01 4.385977791488837596e+01 4.021307074492618483e+01 3.665180992690075357e+01 3.822455266948103514e+01 3.808455796320728126e+01 3.848239673179529063e+01 4.441477404363203618e+01 4.342467808375336347e+01 3.782315232624702617e+01 3.987208974122292204e+01
3.671726175955557636e+01 3.667469979080892273e+01 3.570291343166589115e+01 3.641615576167707502e+01 3.708918419813800682e+01 3.861249835801285002e+01 3.431849053478003242e+01 3.329243014350950602e+01 3.914504441367913046e+01 3.936252540935443989e+01 3.729273673951566082e+01 3.590758079310889173e+01 3.649441414418812712e+01 3.755954703345985735e+01 3.753936805411860433e+01 3.716857245948839505e+01 3.553663252678318685e+01 3.569888808222918186e+01 3.682489533275634841e+01 3.795289715906529437e+01 4.225712174805727983e+01 4.073901201581206521e+01 4.138724987866400085e+01 3.935575352976081120e+01 2.434732508951258723e+01 0.000000000000000000e+00 4.045424159922396257e+01 4.334668760622490424e+01 3.342893910292857385e+01 3.070391534372576103e+01 3.586355806574709959e+01 3.985248824723998240e+01 3.607958853988228043e+01 3.590871077756373353e+01 4.264728967072623789e+01 3.988730932722295108e+01 3.599161835054316327e+01 3.643488532516450817e+01 3.605748617119449762e+01 3.645569829394124639e+01 4.199988170454372494e+01 4.080791047246619030e+01 3.879079964646406609e+01 4.052875705742883383e+01
3.669440581190556117e+01 3.723908736104498729e+01 3.746199757319960355e+01 3.699112302050644274e+01 3.619999180303786090e+01 3.676955146197277458e+01 3.557200787234775419e+01 3.622137061008894676e+01 3.784492500009935867e+01 3.774964115425603950e+01 3.815873646862733892e+01 3.718857268596102017e+01 3.544932226557465782e+01 3.666082366352176791e+01 3.979438092447723108e+01 4.051262475686856135e+01 3.986004478404622375e+01 3.922483736421399669e+01 4.078208418764456411e+01 4.124659601919060492e+01 4.224236358933932678e+01 3.948383372926367230e+01 3.628578453422138494e+01 3.620968971138365333e+01 4.005246989024873017e+01 4.045424159922396257e+01 0.000000000000000000e+00 2.263499785591777069e+01 3.749016200822059375e+01 3.582853116128170257e+01 3.823703975445000935e+01 4.032312257597132543e+01 3.663088563241873885e+01 3.365598862486105247e+01 3.606962365450258545e+01 3.457397921279491015e+01 4.034792101631850869e+01 4.296750819515195019e+01 3.608587045319332276e+01 3.539388684664217521e+01 4.248167018288602037e+01 4.311748209068752402e+01 2.869676666747070115e+01 2.979625525095482530e+01
3.959475205066455317e+01 3.826579281720055548e+01 3.972173928605665338e+01 3.978546732829090615e+01 3.589202276728664032e+01 3.641618788850690436e+01 3.738888685575339110e+01 3.972507798239661270e+01 4.052403912005225806e+01 4.116677063121854019e+01 3.989426676842559516e+01 3.830052647802867227e+01 3.867436289749650768e+01 3.883328865707623123e+01 4.255253931196492800e+01 4.251506786611987110e+01 4.136465201998645824e+01 4.168441290052285808e+01 4.192846331298716933e+01 4.314196344182731480e+01 4.376164275928440617e+01 3.975787590030656560e+01 3.768124590462767287e+01 3.734676217063076109e+01 4.234426506570177651e+01 4.334668760622490424e+01 2.263499785591777069e+01 0.000000000000000000e+00 3.879834795395441205e+01 3.713858224590307344e+01 4.249669277163702219e+01 4.274102966000079107e+01 3.778148390768895126e+01 3.494111047176334495e+01 3.858156922941167721e+01 3.767384042970154923e+01 4.319961696760051950e+01 4.421983896195816754e+01 3.520726955766130573e+01 3.506214397632399482e+01 4.226426035123787273e+01 4.519224146200065206e+01 2.979568503359102039e+01 3.046797873839064508e+01
3.621348865552343455e+01 3.425784355379838075e+01 3.707870358913652353e+01 3.761163154360599492e+01 3.684483524050349956e+01 3.790262328815511239e+01 3.075736117291556937e+01 3.235866971104016443e+01 3.825478338650505350e+01 3.773643208283804995e+01 3.486463475487441599e+01 3.402384990923365393e+01 3.687153028064300742e+01 3.731292404409573749e+01 3.688172254243674075e+01 3.645792001967247131e+01 3.600525109280460612e+01 3.601479983108874450e+01 3.664764160618134525e+01 3.615828802761008376e+01 4.195762960284013587e+01 4.091705068322531957e+01 3.828961086644540757e+01 3.761600341274312598e+01 3.519120646023676358e+01 3.342893910292857385e+01 3.749016200822059375e+01 3.879834795395441205e+01 0.000000000000000000e+00 2.347106366642966435e+01 3.414839299084489710e+01 3.678846564886202941e+01 3.435055142690732310e+01 3.289982956585161133e+01 4.110617996385742146e+01 3.626683328756274705e+01 3.591153184437723667e+01 3.828479608152891700e+01 3.469923440571174922e+01 3.366590458965546873e+01 3.478552569477002265e+01 3.955952766790671404e+01 4.093296711685128741e+01 4.383000596264376725e+01
3.696269801581298253e+01 3.273785402646709031e+01 3.610981232223790727e+01 3.649991675263500213e+01 3.488192295639199614e+01 3.610863217082368237e+01 2.869579521636910613e+01 2.979022808649212806e+01 3.686342691818057205e+01 3.686048787928272930e+01 3.386772392545763921e+01 3.289888373977933611e+01 3.540409904599029289e+01 3.597260999007288973e+01 3.473657662618688846e+01 3.432994015484960215e+01 3.359118797525304245e+01 3.405309650152524625e+01 3.485858393893836649e+01 3.357910277940177934e+01 4.129770300792425530e+01 3.931555685146152257e+01 3.560274550915816150e+01 3.516507990940390727e+01 3.196171180321098859e+01 3.070391534372576103e+01 3.582853116128170257e+01 3.713858224590307344e+01 2.347106366642966435e+01 0.000000000000000000e+00 3.127089661294343514e+01 3.684033913330205934e+01 3.529080857856796172e+01 3.290853674466050904e+01 4.231854798660624795e+01 3.816087096382369737e+01 3.279691868320767156e+01 3.651982708898777474e+01 3.326637316304762493e+01 3.280033139139867160e+01 3.356001371704603997e+01 3.670737773481986466e+01 3.985511842972218943e+01 4.171025498497817097e+01
3.902092668777159901e+01 3.730210274436292650e+01 3.771623741044240319e+01 3.898507969740042256e+01 3.775467888195759514e+01 3.977015172921856845e+01 3.152049025663046322e+01 3.283323591334777802e+01 3.174108254998268919e+01 3.223283499463735069e+01 3.789061844100231724e+01 3.814817052556744414e+01 3.752306041347671339e+01 3.814043150556273787e+01 3.697965007598840259e+01 3.743292838322233962e+01 3.775525966042815895e+01 3.719560800556842395e+01 3.667454014835999487e+01 3.537719889472322166e+01 4.322661205512375204e+01 4.064351593520935069e+01 3.923674886177479948e+01 3.788768345978228069e+01 3.506921123704372434e+01 3.586355806574709959e+01 3.823703975445000935e+01 4.249669277163702219e+01 3.414839299084489710e+01 3.127089661294343514e+01 0.000000000000000000e+00 2.539788244265047368e+01 3.826516386331553576e+01 3.752942919147850631e+01 4.067515329146791458e+01 3.781908489680203900e+01 3.514196344323082855e+01 3.700441353135408207e+01 3.771128283233944956e+01 3.708684064278550352e+01 3.422600945101546444e+01 3.776056663060303720e+01 3.837849402417161571e+01 4.073630726134744862e+01
4.049161875547721223e+01 4.030303455584053296e+01 3.976021190595992039e+01 4.098881501276049732e+01 4.122469390711015080e+01 4.286101902607965997e+01 3.420688792023049984e+01 3.569429061786672008e+01 3.163006016947505117e+01 3.148280890626845263e+01 4.181761233283204149e+01 4.146590254434303091e+01 4.084536037478937232e+01 4.161880965059806670e+01 3.998103791861994694e+01 3.997478329485139170e+01 3.938926734898834781e+01 3.870171307848664810e+01 3.991732751302868110e+01 3.799880016810350014e+01 4.371324786393009987e+01 4.227951205438375126e+01 4.343400907732505800e+01 4.135691377145342784e+01 3.915528370256032531e+01 3.985248824723998240e+01 4.032312257597132543e+01 4.274102966000079107e+01 3.678846564886202941e+01 3.684033913330205934e+01 2.539788244265047368e+01 0.000000000000000000e+00 4.110518954170224504e+01 4.063872729002802231e+01 4.460558034100319702e+01 4.086764670159872281e+01 3.959047813950921579e+01 4.057709590707732872e+01 4.031194738441365644e+01 4.081429939618617908e+01 3.726833589304747818e+01 4.008925937064927325e+01 4.025272111906373596e+01 4.371061418620667638e+01
3.331984843849019029e+01 3.207402857435112509e+01 3.726054599080984531e+01 3.768205901509679023e+01 3.541936628056716785e+01 3.656769261371802315e+01 3.475797319828370036e+01 3.432824399798569459e+01 3.908499271958679344e+01 3.841031661746998083e+01 3.302981075963947433e+01 3.209241633650039915e+01 3.264626554906188716e+01 3.432297325394753074e+01 3.997704795720164128e+01 3.957308004646951360e+01 3.647120508999284993e+01 3.668798741104177452e+01 3.920772743639745528e+01 4.003570227891053435e+01 4.181622084688999053e+01 4.048230382362270774e+01 3.194344490171779327e+01 3.190435872614206758e+01 3.795000879699331620e+01 3.607958853988228043e+01 3.663088563241873885e+01 3.778148390768895126e+01 3.435055142690732310e+01 3.529080857856796172e+01 3.826516386331553576e+01 4.110518954170224504e+01 0.000000000000000000e+00 1.968118063850230470e+01 3.699423273911553167e+01 3.488222026120745056e+01 3.894238122392420109e+01 4.150355236001518477e+01 3.759876699291974234e+01 3.577306125427219285e+01 3.864178127260476714e+01 4.150917265191674943e+01 3.864107321485774804e+01 4.073165398663401504e+01
3.333550973424310371e+01 3.196592066950000444e+01 3.718530136639090244e+01 3.808695969449008345e+01 3.523037163761220114e+01 3.702996265455056601e+01 3.405006060450865846e+01 3.366732755923052167e+01 3.895369143454058758e+01 3.832506912538804755e+01 3.255342764909307363e+01 3.116597223296872343e+01 3.265355004127418681e+01 3.394296684854058554e+01 3.959718454254087305e+01 3.967860198517661274e+01 3.604096206177106865e+01 3.625351928501353882e+01 3.903305199034165440e+01 3.998074482317175438e+01 4.232388048285738336e+01 4.061664606573411618e+01 2.977382395864286835e+01 3.148552334313219347e+01 3.725920933950794023e+01 3.590871077756373353e+01 3.365598862486105247e+01 3.494111047176334495e+01 3.289982956585161133e+01 3.290853674466050904e+01 3.752942919147850631e+01 4.063872729002802231e+01 1.968118063850230470e+01 0.000000000000000000e+00 3.695973055840186561e+01 3.366304780937533536e+01 3.773734053290669976e+01 4.057409334991685057e+01 3.568056191543826117e+01 3.500173685778023724e+01 3.774688578314324161e+01 4.058522731603894584e+01 3.770021516402094619e+01 3.913838114364720866e+01
3.995761336370568984e+01 3.843934773444961195e+01 4.142045632764454410e+01 4.122126031689469983e+01 4.121308890521310531e+01 4.126144395689648547e+01 3.849959129448318151e+01 4.046656153325844940e+01 4.014132167276476792e+01 4.036246279813948945e+01 3.873272994860948870e+01 3.886324224763350799e+01 3.524418193333994509e+01 3.676407032160904720e+01 3.929957670644551371e+01 3.941145585798078343e+01 4.143305012485937766e+01 4.060953078890887014e+01 4.348719349176680993e+01 4.408476388750660391e+01 4.412305751868998982e+01 4.094382965868278035e+01 3.668740504816601344e+01 3.567029213684015332e+01 4.385977791488837596e+01 4.264728967072623789e+01 3.606962365450258545e+01 3.858156922941167721e+01 4.110617996385742146e+01 4.231854798660624795e+01 4.067515329146791458e+01 4.460558034100319702e+01 3.699423273911553167e+01 3.695973055840186561e+01 0.000000000000000000e+00 2.560184237321281486e+01 3.620540007493463719e+01 3.866927091204581046e+01 3.696858502073304464e+01 3.781292803301692373e+01 4.522235697532379817e+01 4.031902587343666511e+01 3.884974157709652332e+01 3.935291745365416460e+01
3.639670569564489711e+01 3.583642856550214617e+01 3.849515972123825946e+01 3.738716752609090577e+01 3.732200926393699092e+01 3.701703128353818073e+01 3.654264486821236346e+01 3.636512145440578792e+01 3.681120427063638800e+01 3.616925513994396368e+01 3.684329241192485682e+01 3.682667330652324011e+01 3.228194847896293140e+01 3.387513399677121129e+01 3.732489806129315468e+01 3.767127457196073692e+01 3.804778478912513151e+01 3.740170128501215885e+01 4.089197493576219955e+01 4.089852617122859613e+01 3.938574044929873708e+01 3.597896098865234649e+01 3.634015912536368376e+01 3.595309012770023571e+01 4.021307074492618483e+01 3.988730932722295108e+01 3.457397921279491015e+01 3.767384042970154923e+01 3.626683328756274705e+01 3.816087096382369737e+01 3.781908489680203900e+01 4.086764670159872281e+01 3.488222026120745056e+01 3.366304780937533536e+01 2.560184237321281486e+01 0.000000000000000000e+00 3.593751920366896968e+01 3.865665353240616753e+01 3.377350247849618370e+01 3.284195679367060450e+01 4.239306898163363257e+01 3.974327053553344058e+01 3.703725413810893485e+01 3.865344767736676346e+01
