0.000000000000000000e+00 1.916011285977575369e+02 2.931623510076342995e+02 2.966181264616373028e+02 2.878628784468265849e+02 2.963205115354587065e+02 2.580634000667769214e+02 2.666572358908240403e+02 3.104817279487331234e+02 2.923179025546783123e+02 2.999849739706739911e+02 2.971528020449005680e+02 2.765053096222383715e+02 2.860942179938535901e+02 2.774515804761401796e+02 2.831899713318173326e+02 3.013197805227316621e+02 2.955514893230646294e+02 2.874618051699257535e+02 2.945503087763076451e+02 2.723361343649166884e+02 3.244290445287317652e+02 2.621487180530636465e+02 2.845909220783629507e+02 3.170713316953453500e+02 3.189800778931360128e+02 2.753840180440536187e+02 2.536063388097679194e+02 3.078784671131433015e+02 2.628667290055732906e+02 3.180905468410558683e+02 3.222418244841268233e+02 2.827022769014616301e+02 2.843306538933545653e+02 2.985479901588149119e+02 3.007787025530729466e+02 2.870754585923444324e+02 2.540007951419319170e+02 2.993267567648950376e+02 3.003854314430969907e+02 3.063741480026400836e+02 2.926721019152992653e+02 3.091859686975953423e+02 3.010315987726525577e+02
1.916011285977575369e+02 0.000000000000000000e+00 2.507882031517900430e+02 2.582277721874941676e+02 2.710569361993761959e+02 2.782937175929629916e+02 2.687237424648058095e+02 2.513195647805279123e+02 2.646090189250367644e+02 2.474592088401926446e+02 2.655567478488229654e+02 2.735729215196632254e+02 2.463174253083585370e+02 2.583251786844473372e+02 2.491914856958951532e+02 2.562685575079678983e+02 2.710651164012703589e+02 2.693034037650633081e+02 2.730450726187289661e+02 2.787409675723787359e+02 2.304314616763025469e+02 2.803283239643654952e+02 2.683664090200680334e+02 2.693146766111639749e+02 2.743674359022712110e+02 2.739200683500795321e+02 2.961307559889457366e+02 2.705958221159314121e+02 3.017911474900512871e+02 2.651831093498527139e+02 2.814755716750531747e+02 2.927056041572589038e+02 2.747151278488425419e+02 2.726765894318021992e+02 2.629272040331710514e+02 2.623853160509602276e+02 2.407350745480291607e+02 2.183180834518695690e+02 2.703333068948251139e+02 2.539759206094917374e+02 2.963143330666421207e+02 2.566643994621729803e+02 2.824639959775694251e+02 2.911976842645255488e+02
2.931623510076342995e+02 2.507882031517900430e+02 0.000000000000000000e+00 1.792804134212659619e+02 2.637082933978676920e+02 2.674671470080750169e+02 2.386216353213499701e+02 2.595631495128200754e+02 2.918054823843352210e+02 2.961545601967728203e+02 2.653648241064523745e+02 2.604977937000032284e+02 2.856300042832049826e+02 2.864299672154026553e+02 2.901617874627325477e+02 2.945896656529216102e+02 2.937350953907637177e+02 2.907757833179909994e+02 2.534069136760283527e+02 2.654428006063917564e+02 2.901647165808875002e+02 3.014084144599024171e+02 2.540337525529059235e+02 2.692244949437867945e+02 3.015032458302122222e+02 3.114926489154977958e+02 2.663384867981575326e+02 2.406255707217886766e+02 2.876350942721988417e+02 2.342816536409668231e+02 2.808307067829741754e+02 2.935942020745281411e+02 2.742498334239050450e+02 2.785667866747246535e+02 2.889021253563820437e+02 2.755263845969703880e+02 2.941880981398717267e+02 2.651302355268949782e+02 2.899370556649915898e+02 2.910674276467514687e+02 2.545235672324081122e+02 2.700063753821261230e+02 3.009151034930980586e+02 2.980589155752322199e+02
2.966181264616373028e+02 2.582277721874941676e+02 1.792804134212659619e+02 0.000000000000000000e+00 2.676870325807080349e+02 2.730212849994869089e+02 2.389685427628384957e+02 2.604728010930499522e+02 2.963541253071624055e+02 2.928266672605394092e+02 2.759293204538797681e+02 2.724699884316098633e+02 2.984350500864157425e+02 2.982843143510312416e+02 2.820272152617430947e+02 2.876896026946445772e+02 2.944175654649465059e+02 2.899706476377512558e+02 2.563602198218701460e+02 2.684669314681987657e+02 2.792693114693697680e+02 2.970157872960028840e+02 2.783797802481158215e+02 2.815351222586784843e+02 3.040138347855559005e+02 3.179969408564594460e+02 2.801918787423880985e+02 2.505884236733187151e+02 3.003164569623198759e+02 2.451259856401752302e+02 2.941689232140278705e+02 3.089948815867078338e+02 2.878069902008057852e+02 2.926255471114035345e+02 3.046382935706948274e+02 2.953790619613281478e+02 2.907002424978196586e+02 2.593848572383962505e+02 2.836172135203653966e+02 2.925245972840789932e+02 2.735514653565577419e+02 2.924921398302429338e+02 3.087276173031495432e+02 3.007589759911423357e+02
2.878628784468265849e+02 2.710569361993761959e+02 2.637082933978676920e+02 2.676870325807080349e+02 0.000000000000000000e+00 1.623864054555860150e+02 2.602666705821959567e+02 2.794345744963747507e+02 2.878760358457987536e+02 2.765010459650928851e+02 2.709926078440025776e+02 2.702676216476942272e+02 2.693808343479755081e+02 2.698789203904513556e+02 2.667952098815816839e+02 2.697236678892858208e+02 2.721178784414139500e+02 2.812832844347299215e+02 2.731697661218136659e+02 2.885806514817518860e+02 2.306745057365080243e+02 2.493419740896646033e+02 3.175535430593674846e+02 3.179745547423554513e+02 2.920231770469702042e+02 3.094987760719819789e+02 2.975260443575782006e+02 2.757404258464232498e+02 3.142128097238792748e+02 2.683669721080051431e+02 3.151917888053151842e+02 3.234862143259967411e+02 3.044769577904926336e+02 3.057953288238330174e+02 2.916562861756293046e+02 2.968796214134929414e+02 2.765427591521532804e+02 2.331129877771871577e+02 2.659233060892985918e+02 2.784825726173950216e+02 2.940430576058321890e+02 3.078085933149561129e+02 3.114419345385963425e+02 3.165763666988492560e+02
2.963205115354587065e+02 2.782937175929629916e+02 2.674671470080750169e+02 2.730212849994869089e+02 1.623864054555860150e+02 0.000000000000000000e+00 2.602378370592927013e+02 2.885399251547591462e+02 2.916984118981583833e+02 2.797680936915324992e+02 2.758259773686186804e+02 2.673168668349678114e+02 2.660783930199947918e+02 2.785359520192440641e+02 2.799801171570650808e+02 2.771902346831861337e+02 2.748348919429408284e+02 2.836722028242981537e+02 2.740971664546802344e+02 2.854454390619389414e+02 2.182188787706934647e+02 2.280046009323284864e+02 3.142776316263696117e+02 3.104700971808463805e+02 3.101538705152577791e+02 3.188321426739650519e+02 2.905451487535394790e+02 2.750273173548540058e+02 3.126396850154349636e+02 2.598711684009081750e+02 3.117902332609589280e+02 3.263555373571570044e+02 3.155642618258183347e+02 3.180588280423952483e+02 2.981899620530791708e+02 3.018053121418060414e+02 2.859524534429943969e+02 2.413929740027919024e+02 2.833146988404297986e+02 2.821101798706635577e+02 2.902693861547359688e+02 3.018915880816430786e+02 3.239011066097958746e+02 3.333329440582124903e+02
2.580634000667769214e+02 2.687237424648058095e+02 2.386216353213499701e+02 2.389685427628384957e+02 2.602666705821959567e+02 2.602378370592927013e+02 0.000000000000000000e+00 1.566990791034891686e+02 2.415215665567187386e+02 2.264522750603391614e+02 2.442534154898774830e+02 2.547171467156260007e+02 2.377808851613283991e+02 2.569849210858732249e+02 2.200978566262773199e+02 2.326448889444727683e+02 2.477732061666808647e+02 2.454349829183806548e+02 2.499531331851419793e+02 2.549627480549923462e+02 2.154711620161546080e+02 2.585011795253013815e+02 2.833379351839938067e+02 2.759012250433042368e+02 2.418100496469295422e+02 2.510484071079562227e+02 2.693627519022655861e+02 2.726341723273124558e+02 2.676438143886905436e+02 2.397538575267894032e+02 2.574204661620016736e+02 2.724338654945990470e+02 2.606687021502999073e+02 2.515717663353700573e+02 2.336296329096052489e+02 2.454778417597572968e+02 2.330461995215851800e+02 1.987778838720030024e+02 2.475410781638117612e+02 2.327377641780020099e+02 2.725964462729818365e+02 2.605297431114895517e+02 2.535660464760687205e+02 2.710427076178393690e+02
2.666572358908240403e+02 2.513195647805279123e+02 2.595631495128200754e+02 2.604728010930499522e+02 2.794345744963747507e+02 2.885399251547591462e+02 1.566990791034891686e+02 0.000000000000000000e+00 2.694099604863520199e+02 2.602738106515310506e+02 2.777057248477111671e+02 2.715918319110360812e+02 2.734692595465815543e+02 2.761320640336052179e+02 2.472765744795716216e+02 2.608555877125125448e+02 2.755388881956816363e+02 2.752435029562210502e+02 2.532506910562075291e+02 2.467436939160682243e+02 2.502377853759086292e+02 2.921638424850741558e+02 2.602754943093261772e+02 2.787888060644512507e+02 2.692891135357238568e+02 2.757755005097523622e+02 2.708950684074806645e+02 2.479248665028418088e+02 2.492969468733716667e+02 2.187600372675981930e+02 2.654896005649999893e+02 2.870971249870279962e+02 2.786435542207976823e+02 2.711114917777212554e+02 2.628989071649942844e+02 2.796059951438913345e+02 2.539075669128766322e+02 2.295271213909096559e+02 2.751424952059992961e+02 2.613979801156679628e+02 2.747714177999608864e+02 2.795221211335387466e+02 2.702892359478797175e+02 2.840265616772330191e+02
3.104817279487331234e+02 2.646090189250367644e+02 2.918054823843352210e+02 2.963541253071624055e+02 2.878760358457987536e+02 2.916984118981583833e+02 2.415215665567187386e+02 2.694099604863520199e+02 0.000000000000000000e+00 1.765617926207372363e+02 2.903481761894025794e+02 2.907909927046453618e+02 2.913072870492312063e+02 2.996770946771816853e+02 2.754503102821260541e+02 2.869880721043759308e+02 2.921600801417238245e+02 2.822136102760541689e+02 2.596648115091090858e+02 2.696601216844002238e+02 2.701409448615447104e+02 3.124964021481468421e+02 2.845674099092245797e+02 2.911095113047350083e+02 2.974063770329601653e+02 3.060112000788993782e+02 2.757824275698881706e+02 2.663800629652693601e+02 3.009136981736049279e+02 2.401250559847980242e+02 2.695874476912766227e+02 2.699912911202960686e+02 2.994818427655642950e+02 2.920427020563747078e+02 2.865640727642848447e+02 3.029697722791302681e+02 2.722118320766931561e+02 2.497146509790355253e+02 3.024589801112463192e+02 2.843176210335420819e+02 2.719236883487658929e+02 2.861540557780444942e+02 3.052721186525509438e+02 3.227357400660695248e+02
2.923179025546783123e+02 2.474592088401926446e+02 2.961545601967728203e+02 2.928266672605394092e+02 2.765010459650928851e+02 2.797680936915324992e+02 2.264522750603391614e+02 2.602738106515310506e+02 1.765617926207372363e+02 0.000000000000000000e+00 2.758468233800988401e+02 2.770266451880074783e+02 2.801128531673474527e+02 2.809864682260416089e+02 2.796050247492749463e+02 2.887638055551963703e+02 2.924713759542804610e+02 2.894454991769084700e+02 2.426693172982826070e+02 2.530157719294127787e+02 2.817718987022790316e+02 2.885918002540545899e+02 2.600970128458206432e+02 2.697191797850823605e+02 3.126362356855439657e+02 3.134493009703028292e+02 2.673827845712451108e+02 2.520313988020300542e+02 2.805967067574895282e+02 2.278052660462840890e+02 2.669369630995428793e+02 2.586136066996357386e+02 2.797567200865908035e+02 2.807804287122733626e+02 3.050558909267991226e+02 2.980716091967992156e+02 2.823196644103157382e+02 2.627975602054821707e+02 2.939064851762825015e+02 2.925633946921144002e+02 2.505391505451075318e+02 2.667355528432499341e+02 3.070667005852328657e+02 3.095959952617587874e+02
2.999849739706739911e+02 2.655567478488229654e+02 2.653648241064523745e+02 2.759293204538797681e+02 2.709926078440025776e+02 2.758259773686186804e+02 2.442534154898774830e+02 2.777057248477111671e+02 2.903481761894025794e+02 2.758468233800988401e+02 0.000000000000000000e+00 1.623195318767709807e+02 2.671981076289820294e+02 2.662919391604580142e+02 2.617404108194427295e+02 2.561626135403768103e+02 2.833150772836125384e+02 2.842654644598503637e+02 2.621073582864818263e+02 2.788127852825611512e+02 2.520752072284527685e+02 2.910394668195028771e+02 2.993056197083610641e+02 3.057725676683214147e+02 2.964561070628419657e+02 3.112627143239629959e+02 2.863276885225145634e+02 2.714947514417811476e+02 2.986835358285558186e+02 2.475884185112199134e+02 2.976112245374049508e+02 3.132720904780609885e+02 2.800675920682218702e+02 2.808959730299443436e+02 2.663415494906184335e+02 2.735240718106470581e+02 2.505672131922397909e+02 2.353763099866096695e+02 2.769044344705699245e+02 2.696041685468301807e+02 2.699425799305877831e+02 2.806863565304671511e+02 3.128219307110260843e+02 3.226132061475078672e+02
2.971528020449005680e+02 2.735729215196632254e+02 2.604977937000032284e+02 2.724699884316098633e+02 2.702676216476942272e+02 2.673168668349678114e+02 2.547171467156260007e+02 2.715918319110360812e+02 2.907909927046453618e+02 2.770266451880074783e+02 1.623195318767709807e+02 0.000000000000000000e+00 2.702214683986857722e+02 2.742170510718386254e+02 2.611314232629792400e+02 2.613564321275238171e+02 2.772328819161485853e+02 2.789747247346998051e+02 2.660046272922616026e+02 2.806005281557865487e+02 2.546492884358068807e+02 2.986430943694405755e+02 2.913195110874571014e+02 2.964952000814212170e+02 2.957954783730681356e+02 3.056137580089541643e+02 2.876282681632798131e+02 2.695850176651246102e+02 2.982181738486941640e+02 2.514352709085514164e+02 2.988644260557619532e+02 3.134352921716488254e+02 2.733653521879831487e+02 2.720452956373104030e+02 2.779951278659751779e+02 2.835504860068753032e+02 2.549543078763212520e+02 2.372801431778979691e+02 2.773007302617038476e+02 2.709755013073529994e+02 2.680724708260947295e+02 2.835829549279608273e+02 3.192682549985455580e+02 3.223839720292040170e+02
2.765053096222383715e+02 2.463174253083585370e+02 2.856300042832049826e+02 2.984350500864157425e+02 2.693808343479755081e+02 2.660783930199947918e+02 2.377808851613283991e+02 2.734692595465815543e+02 2.913072870492312063e+02 2.801128531673474527e+02 2.671981076289820294e+02 2.702214683986857722e+02 0.000000000000000000e+00 1.718898756399690058e+02 2.646419274983402374e+02 2.767510492932404986e+02 2.819063860782469533e+02 2.787001371240135654e+02 2.578988297306081563e+02 2.662126807557971802e+02 2.660126392110529423e+02 2.786278283700078759e+02 2.769346346491685722e+02 2.807597039662506972e+02 3.133218656578777654e+02 3.217738599447410479e+02 2.794147025336772003e+02 2.624544123060346124e+02 2.908575164661427266e+02 2.309865623758231266e+02 2.847644704311788928e+02 2.957934556361033174e+02 2.817910784694721542e+02 2.819021079384357904e+02 2.951373991139597024e+02 2.746254826612908460e+02 2.668770429701748412e+02 2.507064663024551976e+02 2.857789025541454748e+02 2.864201924745948986e+02 2.664103368473254250e+02 2.761230113503628445e+02 3.190096402277695802e+02 3.102757053674530425e+02
2.860942179938535901e+02 2.583251786844473372e+02 2.864299672154026553e+02 2.982843143510312416e+02 2.698789203904513556e+02 2.785359520192440641e+02 2.569849210858732249e+02 2.761320640336052179e+02 2.996770946771816853e+02 2.809864682260416089e+02 2.662919391604580142e+02 2.742170510718386254e+02 1.718898756399690058e+02 0.000000000000000000e+00 2.657587544245538993e+02 2.778834439133137835e+02 2.862490009012744849e+02 2.852742341318664216e+02 2.683482264415566760e+02 2.698112368263691678e+02 2.622655670067917413e+02 2.725403609636205715e+02 2.970176684658912905e+02 2.919927343970734910e+02 3.077022549713042849e+02 3.235792987838323143e+02 3.021705219334496633e+02 2.849227256521065215e+02 2.936923845862247049e+02 2.346582942833125571e+02 3.022754425313679008e+02 3.130824718537460285e+02 2.940079510500096376e+02 2.951604088782679582e+02 2.963085385243169299e+02 2.839545826527040049e+02 2.682657512456389099e+02 2.507234066494841045e+02 2.891523895138722651e+02 2.854827500914168468e+02 2.904160805371383276e+02 2.922473789529525448e+02 3.233367257034719842e+02 3.263280052604883394e+02
2.774515804761401796e+02 2.491914856958951532e+02 2.901617874627325477e+02 2.820272152617430947e+02 2.667952098815816839e+02 2.799801171570650808e+02 2.200978566262773199e+02 2.472765744795716216e+02 2.754503102821260541e+02 2.796050247492749463e+02 2.617404108194427295e+02 2.611314232629792400e+02 2.646419274983402374e+02 2.657587544245538993e+02 0.000000000000000000e+00 1.902520473036664725e+02 2.605725142329817459e+02 2.541275850381018415e+02 2.400555260905748582e+02 2.514895829065534372e+02 2.531676517598420162e+02 2.891468058744162590e+02 2.810503743729182702e+02 2.810190865408196714e+02 2.900074007401115637e+02 3.039401630114925297e+02 2.736026131718627994e+02 2.631838479587635220e+02 2.657206570122918947e+02 2.259545029442782038e+02 2.600278753345100995e+02 2.834204032310211119e+02 2.944552552658728359e+02 2.854653145214974757e+02 2.853183881097485823e+02 2.730098229323376700e+02 2.636084791358158554e+02 2.431624259033889359e+02 2.728202938814514482e+02 2.706057642288097895e+02 2.487983901447421999e+02 2.699500170116108393e+02 2.966303175273720285e+02 2.844069131449500105e+02
2.831899713318173326e+02 2.562685575079678983e+02 2.945896656529216102e+02 2.876896026946445772e+02 2.697236678892858208e+02 2.771902346831861337e+02 2.326448889444727683e+02 2.608555877125125448e+02 2.869880721043759308e+02 2.887638055551963703e+02 2.561626135403768103e+02 2.613564321275238171e+02 2.767510492932404986e+02 2.778834439133137835e+02 1.902520473036664725e+02 0.000000000000000000e+00 2.706967511967295650e+02 2.714432667277453106e+02 2.500525117808296898e+02 2.561803825900138918e+02 2.617666217313678771e+02 2.970598117736087147e+02 2.835082748859434787e+02 2.795399488896081266e+02 3.021253824778426633e+02 3.091733674901955169e+02 2.649175746344856748e+02 2.500019933117232256e+02 2.792246328348479665e+02 2.275498313242046038e+02 2.725591468168692586e+02 2.904587849759719234e+02 2.910025110905835959e+02 2.918245415257999298e+02 2.929267913171219675e+02 2.911065729489495766e+02 2.627095205418618207e+02 2.505040383670289543e+02 2.741860509880419841e+02 2.705773859343855179e+02 2.539399771789691158e+02 2.716245575461053932e+02 2.953389253626800155e+02 2.823558087177852371e+02
3.013197805227316621e+02 2.710651164012703589e+02 2.937350953907637177e+02 2.944175654649465059e+02 2.721178784414139500e+02 2.748348919429408284e+02 2.477732061666808647e+02 2.755388881956816363e+02 2.921600801417238245e+02 2.924713759542804610e+02 2.833150772836125384e+02 2.772328819161485853e+02 2.819063860782469533e+02 2.862490009012744849e+02 2.605725142329817459e+02 2.706967511967295650e+02 0.000000000000000000e+00 1.743704822127149896e+02 2.752747081975483070e+02 2.849405291252315351e+02 2.722349812733218073e+02 2.876022222224631832e+02 2.832334715835536940e+02 2.904528585978797537e+02 3.180843038090397386e+02 3.062908965627597695e+02 2.737406812200345030e+02 2.627260688662153143e+02 2.983881526335597414e+02 2.433667584348312687e+02 2.962215583179867053e+02 3.023733782765330602e+02 3.017908525166133700e+02 2.923745653868035674e+02 3.081353881502312220e+02 3.150431786190262642e+02 2.781386576958057617e+02 2.601955392613638196e+02 2.937710910342491957e+02 2.850638374652650668e+02 2.753496580129179847e+02 2.937112195597280220e+02 3.184768730832233814e+02 3.070058920147081380e+02
2.955514893230646294e+02 2.693034037650633081e+02 2.907757833179909994e+02 2.899706476377512558e+02 2.812832844347299215e+02 2.836722028242981537e+02 2.454349829183806548e+02 2.752435029562210502e+02 2.822136102760541689e+02 2.894454991769084700e+02 2.842654644598503637e+02 2.789747247346998051e+02 2.787001371240135654e+02 2.852742341318664216e+02 2.541275850381018415e+02 2.714432667277453106e+02 1.743704822127149896e+02 0.000000000000000000e+00 2.657747476411061598e+02 2.857854831560466664e+02 2.738348814221548082e+02 2.893806878400167193e+02 2.936743100045313781e+02 2.989326023804781016e+02 3.192736673018980014e+02 3.038671164931316753e+02 2.798234839492523065e+02 2.627100819439917814e+02 3.041325075359453081e+02 2.438393186747346135e+02 2.881807984990533669e+02 2.959957528280761494e+02 3.094290274422803577e+02 2.998820044149874775e+02 3.094490934374235849e+02 3.174371877996567264e+02 2.788623189825109421e+02 2.620550282681015233e+02 2.910525672022090475e+02 2.862320538201547606e+02 2.632848799395178503e+02 2.830822413362599264e+02 3.170085190994372510e+02 3.029798083959634596e+02
2.874618051699257535e+02 2.730450726187289661e+02 2.534069136760283527e+02 2.563602198218701460e+02 2.731697661218136659e+02 2.740971664546802344e+02 2.499531331851419793e+02 2.532506910562075291e+02 2.596648115091090858e+02 2.426693172982826070e+02 2.621073582864818263e+02 2.660046272922616026e+02 2.578988297306081563e+02 2.683482264415566760e+02 2.400555260905748582e+02 2.500525117808296898e+02 2.752747081975483070e+02 2.657747476411061598e+02 0.000000000000000000e+00 1.809094827913460790e+02 2.286190122724970308e+02 2.737230335446078016e+02 3.137856157581927050e+02 3.082818653817598147e+02 2.637324977261283152e+02 2.810030416298709497e+02 2.863263083516584402e+02 2.871191657171409020e+02 3.048198370137833422e+02 2.543818372654260997e+02 2.762684333314465448e+02 2.721441216935597254e+02 2.846455500256078039e+02 2.723919441997952049e+02 2.568743855051723699e+02 2.655406070833496415e+02 2.523351941050398750e+02 2.114068452237017368e+02 2.710560733772780964e+02 2.598875562491376172e+02 2.840276856355675932e+02 2.757590567144681017e+02 2.873876219946232027e+02 2.983210972251596331e+02
2.945503087763076451e+02 2.787409675723787359e+02 2.654428006063917564e+02 2.684669314681987657e+02 2.885806514817518860e+02 2.854454390619389414e+02 2.549627480549923462e+02 2.467436939160682243e+02 2.696601216844002238e+02 2.530157719294127787e+02 2.788127852825611512e+02 2.806005281557865487e+02 2.662126807557971802e+02 2.698112368263691678e+02 2.514895829065534372e+02 2.561803825900138918e+02 2.849405291252315351e+02 2.857854831560466664e+02 1.809094827913460790e+02 0.000000000000000000e+00 2.357841367365849976e+02 2.790846556431274621e+02 3.037907897737375151e+02 3.065883523849321364e+02 2.859080747561308726e+02 2.986644047395004122e+02 2.970257681067264457e+02 2.802347921003315605e+02 3.094341816286806761e+02 2.517978151703638900e+02 2.944568901678961765e+02 2.841754063251749471e+02 3.074384567254147669e+02 2.909114386834966126e+02 2.804005984814047565e+02 2.874901290548013435e+02 2.712512620486175479e+02 2.267524920805507804e+02 2.841315282713667330e+02 2.804268826769173870e+02 2.900155194616746144e+02 2.925137436910832776e+02 3.018286135137617521e+02 3.198539007361362110e+02
2.723361343649166884e+02 2.304314616763025469e+02 2.901647165808875002e+02 2.792693114693697680e+02 2.306745057365080243e+02 2.182188787706934647e+02 2.154711620161546080e+02 2.502377853759086292e+02 2.701409448615447104e+02 2.817718987022790316e+02 2.520752072284527685e+02 2.546492884358068807e+02 2.660126392110529423e+02 2.622655670067917413e+02 2.531676517598420162e+02 2.617666217313678771e+02 2.722349812733218073e+02 2.738348814221548082e+02 2.286190122724970308e+02 2.357841367365849976e+02 0.000000000000000000e+00 1.698411795995977513e+02 2.712666507327683121e+02 2.717183804038837138e+02 3.213341710754792757e+02 3.036988027395373706e+02 2.591267782078459163e+02 2.441137590032703315e+02 2.745771284760541562e+02 2.249470480052557093e+02 2.742468284090031716e+02 2.817784379551401344e+02 2.810601366469965114e+02 2.825801653732794989e+02 3.098641775433410999e+02 2.970894795609520997e+02 2.774348697742167360e+02 2.857592266891593908e+02 2.690344260460441319e+02 2.738340418734289869e+02 2.539037001734783985e+02 2.685574213414716951e+02 3.111730592560517721e+02 2.965988381159900769e+02
3.244290445287317652e+02 2.803283239643654952e+02 3.014084144599024171e+02 2.970157872960028840e+02 2.493419740896646033e+02 2.280046009323284864e+02 2.585011795253013815e+02 2.921638424850741558e+02 3.124964021481468421e+02 2.885918002540545899e+02 2.910394668195028771e+02 2.986430943694405755e+02 2.786278283700078759e+02 2.725403609636205715e+02 2.891468058744162590e+02 2.970598117736087147e+02 2.876022222224631832e+02 2.893806878400167193e+02 2.737230335446078016e+02 2.790846556431274621e+02 1.698411795995977513e+02 0.000000000000000000e+00 3.112675864246148194e+02 3.021947367538999174e+02 3.397652557099924024e+02 3.458356868878701107e+02 2.942878828961513022e+02 2.783808156539891456e+02 3.141171138693758849e+02 2.571826179338781344e+02 3.073499786802364042e+02 3.256462502930262417e+02 3.209815500182445476e+02 3.188189746070575552e+02 3.345547643668126625e+02 3.075959159103240381e+02 3.150328978013405958e+02 2.760348499742796662e+02 3.060628456959889832e+02 3.026356315471708740e+02 2.895090729576621129e+02 3.085624002276542228e+02 3.468405276361140182e+02 3.356440824543087729e+02
2.621487180530636465e+02 2.683664090200680334e+02 2.540337525529059235e+02 2.783797802481158215e+02 3.175535430593674846e+02 3.142776316263696117e+02 2.833379351839938067e+02 2.602754943093261772e+02 2.845674099092245797e+02 2.600970128458206432e+02 2.993056197083610641e+02 2.913195110874571014e+02 2.769346346491685722e+02 2.970176684658912905e+02 2.810503743729182702e+02 2.835082748859434787e+02 2.832334715835536940e+02 2.936743100045313781e+02 3.137856157581927050e+02 3.037907897737375151e+02 2.712666507327683121e+02 3.112675864246148194e+02 0.000000000000000000e+00 1.696221707993927907e+02 2.460287353527198491e+02 2.512649337564396603e+02 3.072571574580410356e+02 3.163357929528892214e+02 3.194465855512972325e+02 2.891765077812474942e+02 3.046439982802513669e+02 3.085622995824359123e+02 2.587643784971584182e+02 2.535776865456638518e+02 2.618855769264651485e+02 2.807692508926809865e+02 2.364934487200957278e+02 2.422330534789169292e+02 2.832398264877692213e+02 2.748786232516703194e+02 3.193884318103116584e+02 2.806662366663697981e+02 2.956432902076629148e+02 3.169547983925878043e+02
2.845909220783629507e+02 2.693146766111639749e+02 2.692244949437867945e+02 2.815351222586784843e+02 3.179745547423554513e+02 3.104700971808463805e+02 2.759012250433042368e+02 2.787888060644512507e+02 2.911095113047350083e+02 2.697191797850823605e+02 3.057725676683214147e+02 2.964952000814212170e+02 2.807597039662506972e+02 2.919927343970734910e+02 2.810190865408196714e+02 2.795399488896081266e+02 2.904528585978797537e+02 2.989326023804781016e+02 3.082818653817598147e+02 3.065883523849321364e+02 2.717183804038837138e+02 3.021947367538999174e+02 1.696221707993927907e+02 0.000000000000000000e+00 2.600303054203315583e+02 2.866162433564051639e+02 3.032792142684669443e+02 2.873029206057411784e+02 3.199197358742609936e+02 2.606388430821870088e+02 3.046685223138716765e+02 3.324959389431184036e+02 2.726960684290689869e+02 2.697938827723988311e+02 2.736236039144750407e+02 2.889404328605181718e+02 2.431467979061836218e+02 2.480154846582252048e+02 2.884104108879254795e+02 2.847486791182583374e+02 2.976756231442990384e+02 2.810641611825150790e+02 2.991065527360751162e+02 3.214413432733974787e+02
3.170713316953453500e+02 2.743674359022712110e+02 3.015032458302122222e+02 3.040138347855559005e+02 2.920231770469702042e+02 3.101538705152577791e+02 2.418100496469295422e+02 2.692891135357238568e+02 2.974063770329601653e+02 3.126362356855439657e+02 2.964561070628419657e+02 2.957954783730681356e+02 3.133218656578777654e+02 3.077022549713042849e+02 2.900074007401115637e+02 3.021253824778426633e+02 3.180843038090397386e+02 3.192736673018980014e+02 2.637324977261283152e+02 2.859080747561308726e+02 3.213341710754792757e+02 3.397652557099924024e+02 2.460287353527198491e+02 2.600303054203315583e+02 0.000000000000000000e+00 1.984679033413476930e+02 2.703206841661531143e+02 2.602453877958876660e+02 2.806682462714686039e+02 2.296163722278972159e+02 2.673384294241936345e+02 2.936688251009557575e+02 2.965544119051673420e+02 2.786477275251673404e+02 2.880933272496602626e+02 3.108094340272397744e+02 2.893781256769927950e+02 2.892957897608087023e+02 2.902791306626804726e+02 2.986688611177486337e+02 2.512278526001002774e+02 2.718483692983146511e+02 3.097397442933656180e+02 3.033080837710124342e+02
3.189800778931360128e+02 2.739200683500795321e+02 3.114926489154977958e+02 3.179969408564594460e+02 3.094987760719819789e+02 3.188321426739650519e+02 2.510484071079562227e+02 2.757755005097523622e+02 3.060112000788993782e+02 3.134493009703028292e+02 3.112627143239629959e+02 3.056137580089541643e+02 3.217738599447410479e+02 3.235792987838323143e+02 3.039401630114925297e+02 3.091733674901955169e+02 3.062908965627597695e+02 3.038671164931316753e+02 2.810030416298709497e+02 2.986644047395004122e+02 3.036988027395373706e+02 3.458356868878701107e+02 2.512649337564396603e+02 2.866162433564051639e+02 1.984679033413476930e+02 0.000000000000000000e+00 2.703967669235542530e+02 2.616752150967444663e+02 2.953563773544037758e+02 2.447346399969391371e+02 2.878696798116217224e+02 3.035616870745799929e+02 2.983451073406521346e+02 2.906055275130561881e+02 3.140167052462729771e+02 3.267584984763932425e+02 2.802465064910387014e+02 2.709764489677147594e+02 3.012510822901157326e+02 3.069012240165948242e+02 2.725047517643952233e+02 2.845155394360181162e+02 3.143517029720866844e+02 3.110905013899019309e+02
2.753840180440536187e+02 2.961307559889457366e+02 2.663384867981575326e+02 2.801918787423880985e+02 2.975260443575782006e+02 2.905451487535394790e+02 2.693627519022655861e+02 2.708950684074806645e+02 2.757824275698881706e+02 2.673827845712451108e+02 2.863276885225145634e+02 2.876282681632798131e+02 2.794147025336772003e+02 3.021705219334496633e+02 2.736026131718627994e+02 2.649175746344856748e+02 2.737406812200345030e+02 2.798234839492523065e+02 2.863263083516584402e+02 2.970257681067264457e+02 2.591267782078459163e+02 2.942878828961513022e+02 3.072571574580410356e+02 3.032792142684669443e+02 2.703206841661531143e+02 2.703967669235542530e+02 0.000000000000000000e+00 1.910220484560858552e+02 3.113008982707008840e+02 2.648306131204591338e+02 2.904064594038196674e+02 3.067033990610718206e+02 3.004329088069388263e+02 2.864089125377005871e+02 2.751961956965831178e+02 2.802594452892298591e+02 2.521143568570442710e+02 2.273769349226751615e+02 2.373221818696360401e+02 2.534406822788821216e+02 2.899356718408623124e+02 2.925386750198746881e+02 2.516695948752466450e+02 2.580454195547417839e+02
2.536063388097679194e+02 2.705958221159314121e+02 2.406255707217886766e+02 2.505884236733187151e+02 2.757404258464232498e+02 2.750273173548540058e+02 2.726341723273124558e+02 2.479248665028418088e+02 2.663800629652693601e+02 2.520313988020300542e+02 2.714947514417811476e+02 2.695850176651246102e+02 2.624544123060346124e+02 2.849227256521065215e+02 2.631838479587635220e+02 2.500019933117232256e+02 2.627260688662153143e+02 2.627100819439917814e+02 2.871191657171409020e+02 2.802347921003315605e+02 2.441137590032703315e+02 2.783808156539891456e+02 3.163357929528892214e+02 2.873029206057411784e+02 2.602453877958876660e+02 2.616752150967444663e+02 1.910220484560858552e+02 0.000000000000000000e+00 2.990561741461431211e+02 2.825647910510829774e+02 2.817834592532920510e+02 2.855598084053946195e+02 2.798083170578702266e+02 2.745290385969845488e+02 2.685211141983224366e+02 2.589245362927814540e+02 2.459311894954260538e+02 2.063899221707172558e+02 2.150730146183781812e+02 2.262146697900944332e+02 2.857292162409118532e+02 2.788753637303187247e+02 2.618474651242445930e+02 2.648744491375692860e+02
3.078784671131433015e+02 3.017911474900512871e+02 2.876350942721988417e+02 3.003164569623198759e+02 3.142128097238792748e+02 3.126396850154349636e+02 2.676438143886905436e+02 2.492969468733716667e+02 3.009136981736049279e+02 2.805967067574895282e+02 2.986835358285558186e+02 2.982181738486941640e+02 2.908575164661427266e+02 2.936923845862247049e+02 2.657206570122918947e+02 2.792246328348479665e+02 2.983881526335597414e+02 3.041325075359453081e+02 3.048198370137833422e+02 3.094341816286806761e+02 2.745771284760541562e+02 3.141171138693758849e+02 3.194465855512972325e+02 3.199197358742609936e+02 2.806682462714686039e+02 2.953563773544037758e+02 3.113008982707008840e+02 2.990561741461431211e+02 0.000000000000000000e+00 2.005635751175902897e+02 2.970631546528407512e+02 3.203490080889246769e+02 2.996842104960944084e+02 2.913672985830102107e+02 2.689133119202697344e+02 2.846746311790027448e+02 2.378621823069040602e+02 2.406706222309989016e+02 2.893984442175079721e+02 2.800795574875306215e+02 3.111002306863270519e+02 2.570216496441945537e+02 3.077906444038624727e+02 3.216352178247869347e+02
2.628667290055732906e+02 2.651831093498527139e+02 2.342816536409668231e+02 2.451259856401752302e+02 2.683669721080051431e+02 2.598711684009081750e+02 2.397538575267894032e+02 2.187600372675981930e+02 2.401250559847980242e+02 2.278052660462840890e+02 2.475884185112199134e+02 2.514352709085514164e+02 2.309865623758231266e+02 2.346582942833125571e+02 2.259545029442782038e+02 2.275498313242046038e+02 2.433667584348312687e+02 2.438393186747346135e+02 2.543818372654260997e+02 2.517978151703638900e+02 2.249470480052557093e+02 2.571826179338781344e+02 2.891765077812474942e+02 2.606388430821870088e+02 2.296163722278972159e+02 2.447346399969391371e+02 2.648306131204591338e+02 2.825647910510829774e+02 2.005635751175902897e+02 0.000000000000000000e+00 2.500224724678726886e+02 2.678324724837116264e+02 2.653448962777873135e+02 2.546222438609873109e+02 2.368890731314389768e+02 2.521886241277117335e+02 2.051542785585890556e+02 2.036268530610354901e+02 2.342101663494375146e+02 2.329942658590377107e+02 2.737428081623733647e+02 2.212068691406920493e+02 2.530729178759445119e+02 2.642877587354561797e+02
3.180905468410558683e+02 2.814755716750531747e+02 2.808307067829741754e+02 2.941689232140278705e+02 3.151917888053151842e+02 3.117902332609589280e+02 2.574204661620016736e+02 2.654896005649999893e+02 2.695874476912766227e+02 2.669369630995428793e+02 2.976112245374049508e+02 2.988644260557619532e+02 2.847644704311788928e+02 3.022754425313679008e+02 2.600278753345100995e+02 2.725591468168692586e+02 2.962215583179867053e+02 2.881807984990533669e+02 2.762684333314465448e+02 2.944568901678961765e+02 2.742468284090031716e+02 3.073499786802364042e+02 3.046439982802513669e+02 3.046685223138716765e+02 2.673384294241936345e+02 2.878696798116217224e+02 2.904064594038196674e+02 2.817834592532920510e+02 2.970631546528407512e+02 2.500224724678726886e+02 0.000000000000000000e+00 2.190226278777755340e+02 3.102815723308684710e+02 3.026244866658958017e+02 2.738435591236764139e+02 2.972730964302035090e+02 2.512347412510622178e+02 2.450208786677735020e+02 2.711582626141087644e+02 2.775385515383793518e+02 2.743105275212116680e+02 2.891513650371306312e+02 2.904603992190433246e+02 3.137393578837946961e+02
3.222418244841268233e+02 2.927056041572589038e+02 2.935942020745281411e+02 3.089948815867078338e+02 3.234862143259967411e+02 3.263555373571570044e+02 2.724338654945990470e+02 2.870971249870279962e+02 2.699912911202960686e+02 2.586136066996357386e+02 3.132720904780609885e+02 3.134352921716488254e+02 2.957934556361033174e+02 3.130824718537460285e+02 2.834204032310211119e+02 2.904587849759719234e+02 3.023733782765330602e+02 2.959957528280761494e+02 2.721441216935597254e+02 2.841754063251749471e+02 2.817784379551401344e+02 3.256462502930262417e+02 3.085622995824359123e+02 3.324959389431184036e+02 2.936688251009557575e+02 3.035616870745799929e+02 3.067033990610718206e+02 2.855598084053946195e+02 3.203490080889246769e+02 2.678324724837116264e+02 2.190226278777755340e+02 0.000000000000000000e+00 3.307937141086637780e+02 3.177761336680950421e+02 2.953174947468680216e+02 3.169676253637864534e+02 2.728774980982794887e+02 2.475081700844045542e+02 2.971154445525733081e+02 2.965021179263836757e+02 3.062647522185561115e+02 3.012092586540653656e+02 3.094018629951524986e+02 3.346206124817987302e+02
2.827022769014616301e+02 2.747151278488425419e+02 2.742498334239050450e+02 2.878069902008057852e+02 3.044769577904926336e+02 3.155642618258183347e+02 2.606687021502999073e+02 2.786435542207976823e+02 2.994818427655642950e+02 2.797567200865908035e+02 2.800675920682218702e+02 2.733653521879831487e+02 2.817910784694721542e+02 2.940079510500096376e+02 2.944552552658728359e+02 2.910025110905835959e+02 3.017908525166133700e+02 3.094290274422803577e+02 2.846455500256078039e+02 3.074384567254147669e+02 2.810601366469965114e+02 3.209815500182445476e+02 2.587643784971584182e+02 2.726960684290689869e+02 2.965544119051673420e+02 2.983451073406521346e+02 3.004329088069388263e+02 2.798083170578702266e+02 2.996842104960944084e+02 2.653448962777873135e+02 3.102815723308684710e+02 3.307937141086637780e+02 0.000000000000000000e+00 1.649447139119052110e+02 2.793178905862421288e+02 2.842955590091120257e+02 2.590455759889943579e+02 2.460079870195250464e+02 2.874108801347228450e+02 2.925516136560698897e+02 3.001815763752454700e+02 2.989839403507054953e+02 3.084409239937419898e+02 3.204302298178851629e+02
2.843306538933545653e+02 2.726765894318021992e+02 2.785667866747246535e+02 2.926255471114035345e+02 3.057953288238330174e+02 3.180588280423952483e+02 2.515717663353700573e+02 2.711114917777212554e+02 2.920427020563747078e+02 2.807804287122733626e+02 2.808959730299443436e+02 2.720452956373104030e+02 2.819021079384357904e+02 2.951604088782679582e+02 2.854653145214974757e+02 2.918245415257999298e+02 2.923745653868035674e+02 2.998820044149874775e+02 2.723919441997952049e+02 2.909114386834966126e+02 2.825801653732794989e+02 3.188189746070575552e+02 2.535776865456638518e+02 2.697938827723988311e+02 2.786477275251673404e+02 2.906055275130561881e+02 2.864089125377005871e+02 2.745290385969845488e+02 2.913672985830102107e+02 2.546222438609873109e+02 3.026244866658958017e+02 3.177761336680950421e+02 1.649447139119052110e+02 0.000000000000000000e+00 2.820202253436455067e+02 2.927987448235173815e+02 2.524787066988331503e+02 2.463462411150859737e+02 2.910359886229563813e+02 2.849874789295827213e+02 2.863230540757902531e+02 2.778118015976659763e+02 2.953576136940847618e+02 3.034145010572303818e+02
2.985479901588149119e+02 2.629272040331710514e+02 2.889021253563820437e+02 3.046382935706948274e+02 2.916562861756293046e+02 2.981899620530791708e+02 2.336296329096052489e+02 2.628989071649942844e+02 2.865640727642848447e+02 3.050558909267991226e+02 2.663415494906184335e+02 2.779951278659751779e+02 2.951373991139597024e+02 2.963085385243169299e+02 2.853183881097485823e+02 2.929267913171219675e+02 3.081353881502312220e+02 3.094490934374235849e+02 2.568743855051723699e+02 2.804005984814047565e+02 3.098641775433410999e+02 3.345547643668126625e+02 2.618855769264651485e+02 2.736236039144750407e+02 2.880933272496602626e+02 3.140167052462729771e+02 2.751961956965831178e+02 2.685211141983224366e+02 2.689133119202697344e+02 2.368890731314389768e+02 2.738435591236764139e+02 2.953174947468680216e+02 2.793178905862421288e+02 2.820202253436455067e+02 0.000000000000000000e+00 2.096169616063939714e+02 2.554988064068258495e+02 2.484797469830888588e+02 2.715670416903057571e+02 2.763522626568568512e+02 2.628223284834901392e+02 2.782769608009705280e+02 3.117610855742025251e+02 3.039661538099797440e+02
3.007787025530729466e+02 2.623853160509602276e+02 2.755263845969703880e+02 2.953790619613281478e+02 2.968796214134929414e+02 3.018053121418060414e+02 2.454778417597572968e+02 2.796059951438913345e+02 3.029697722791302681e+02 2.980716091967992156e+02 2.735240718106470581e+02 2.835504860068753032e+02 2.746254826612908460e+02 2.839545826527040049e+02 2.730098229323376700e+02 2.911065729489495766e+02 3.150431786190262642e+02 3.174371877996567264e+02 2.655406070833496415e+02 2.874901290548013435e+02 2.970894795609520997e+02 3.075959159103240381e+02 2.807692508926809865e+02 2.889404328605181718e+02 3.108094340272397744e+02 3.267584984763932425e+02 2.802594452892298591e+02 2.589245362927814540e+02 2.846746311790027448e+02 2.521886241277117335e+02 2.972730964302035090e+02 3.169676253637864534e+02 2.842955590091120257e+02 2.927987448235173815e+02 2.096169616063939714e+02 0.000000000000000000e+00 2.544328994436429525e+02 2.474103814291092363e+02 2.874671811384669695e+02 2.824124125383928572e+02 2.813132257604320330e+02 2.941594613122967985e+02 3.114979530341884129e+02 3.010635174668279888e+02
