0.000000000000000000e+00 1.997167460874111384e+02 3.432773400666568477e+02 3.344141285871419313e+02 3.193455939882320536e+02 3.273352961441091225e+02 2.969080891416360828e+02 3.027200103986169779e+02 3.213219823328666394e+02 3.248356405046473583e+02 3.168554724271044734e+02 3.101551930145972165e+02 2.841434680813416662e+02 2.906980099040358141e+02 3.389698242426746901e+02 3.434826354293001600e+02 3.265400751671760986e+02 3.177193811547353448e+02 3.103440099054472512e+02 3.093019628647191439e+02 3.573649915444131580e+02 3.385135369477565064e+02 3.122174330141836549e+02 3.068184746559169298e+02 3.724559897739117105e+02 3.330686327830542268e+02 3.323313395841311149e+02 3.591621749913379631e+02 3.269256626590055816e+02 3.375306893190434039e+02 3.546018081624967522e+02 3.704115119442533341e+02 3.037537370820631395e+02 3.023443936383967525e+02 3.644053350148164441e+02 3.294099187240213951e+02 3.732865731432330563e+02 3.814997684867683461e+02 3.447712111286194272e+02 3.475509662796247312e+02 3.601606148602226085e+02 3.789666948427534976e+02 3.790168995437164767e+02 3.683555419687177732e+02
1.997167460874111384e+02 0.000000000000000000e+00 3.248602795578309497e+02 3.137680202910363505e+02 2.950918270174647660e+02 3.044775133546028201e+02 2.823665948824341285e+02 2.983850393319262366e+02 3.257831502423495067e+02 3.238702821324265528e+02 2.936938985436487428e+02 2.900931363212613405e+02 2.585685080024704803e+02 2.653326004019015727e+02 3.306396454440598518e+02 3.357801677881362821e+02 3.156477199554326489e+02 3.045729324917623444e+02 3.066029855834186719e+02 2.991791704267459409e+02 3.507232477708032548e+02 3.261028839256350693e+02 2.933133364145010660e+02 2.862038452389271015e+02 3.630277464932891007e+02 3.324848167569790576e+02 3.371757666196369883e+02 3.459372902610799088e+02 3.121960028655386168e+02 3.005467306985954110e+02 3.395898299056432847e+02 3.679161873662079074e+02 2.924928873429656164e+02 2.909355705306924733e+02 3.525837640481774997e+02 3.230563725283138297e+02 3.459151046464645560e+02 3.603348664554557104e+02 3.336804787444467593e+02 3.333715026348018569e+02 3.276512799664089357e+02 3.565811180158215166e+02 3.839096116742909999e+02 3.816279121388780027e+02
3.432773400666568477e+02 3.248602795578309497e+02 0.000000000000000000e+00 1.850259831396741106e+02 3.295525487204958495e+02 3.309527040259948194e+02 2.855669947415776164e+02 2.849274102728153366e+02 3.064771400905223118e+02 3.072199863532763970e+02 3.078782542490518495e+02 2.981163016186659434e+02 3.326004186951099655e+02 3.340252800399437092e+02 3.250744968642999311e+02 3.134441409390094009e+02 3.005315971586284149e+02 2.990456448396317342e+02 3.401311206847468611e+02 3.522504674771839177e+02 3.161301958680853659e+02 3.178084719913651384e+02 3.743464336276612130e+02 3.362983044697982109e+02 3.197432554374561846e+02 3.215086244792641992e+02 3.407079674482758378e+02 3.585787580172727758e+02 3.382737117485592080e+02 3.318715350766743768e+02 3.440451687099174478e+02 3.643876395989483399e+02 3.382292009983122512e+02 3.385341379128344101e+02 3.759948835784530843e+02 3.469475461633818441e+02 3.697361890102325788e+02 3.783298250516642156e+02 3.406893225784698416e+02 3.242251515014569350e+02 4.010106215667552192e+02 3.797418142638915697e+02 3.297047662819626339e+02 3.530520084860978045e+02
3.344141285871419313e+02 3.137680202910363505e+02 1.850259831396741106e+02 0.000000000000000000e+00 3.116863675451030531e+02 3.118824236870396476e+02 2.965115630523312689e+02 2.864218950481995876e+02 3.151666761649882460e+02 3.125777170080749556e+02 2.935957058942715889e+02 2.805426602032867436e+02 3.284290501005858118e+02 3.321472582832183775e+02 3.170800372921750636e+02 3.071698482909270069e+02 3.057475340198661797e+02 2.995602100404340717e+02 3.434229679167917197e+02 3.512560918503570520e+02 3.094852308614050571e+02 3.087501617722184619e+02 3.775983518027347259e+02 3.366408860588861671e+02 3.300187445488788853e+02 3.278002712515827852e+02 3.361070350784406742e+02 3.586369370056929711e+02 3.390795612781884074e+02 3.301189574450560826e+02 3.540605601724997769e+02 3.746505286347765491e+02 3.415234911321306868e+02 3.465175783216772629e+02 3.728752903287480081e+02 3.367989613788905103e+02 3.801171712546322965e+02 3.872216445421478284e+02 3.436122733050410147e+02 3.244156513235685111e+02 3.882900465224628306e+02 3.814003798092365969e+02 3.386593662144762789e+02 3.447318456075682889e+02
3.193455939882320536e+02 2.950918270174647660e+02 3.295525487204958495e+02 3.116863675451030531e+02 0.000000000000000000e+00 1.727496652844231164e+02 3.028896292197869684e+02 3.156959815919210541e+02 3.296773239113290401e+02 3.246607994640082211e+02 2.915166179730671274e+02 2.847433156834703141e+02 2.780606619217929847e+02 2.771705815118569944e+02 3.384946994897046011e+02 3.396840605270670039e+02 2.995144779873944003e+02 3.048708276735330287e+02 3.285118640063166140e+02 3.239886516100112317e+02 2.660847052229891574e+02 2.543524744477705610e+02 3.611607950130797917e+02 3.444109952450001515e+02 3.582084245519988599e+02 3.349900282984797286e+02 3.269545196309403536e+02 3.229040492577775012e+02 3.347057419088613415e+02 3.185697157020336476e+02 3.416879244698952789e+02 3.759090728211603505e+02 3.203234262572973421e+02 3.176654696706982008e+02 3.734509928112227044e+02 3.374148082658214207e+02 3.697376699200690950e+02 3.690308878629284095e+02 3.069569439830586361e+02 3.112777099451260483e+02 3.435110375777815079e+02 3.847096962561745954e+02 3.616284703237310509e+02 3.638945008314984761e+02
3.273352961441091225e+02 3.044775133546028201e+02 3.309527040259948194e+02 3.118824236870396476e+02 1.727496652844231164e+02 0.000000000000000000e+00 3.057545186104950403e+02 3.246589519993976296e+02 3.284741582801719915e+02 3.262527833778506192e+02 2.928465239025344999e+02 2.785997826652454705e+02 2.771191213547629673e+02 2.852083573663614970e+02 3.393879290183725743e+02 3.419225415571968369e+02 2.985653886126802377e+02 3.002030657260269209e+02 3.238659738355809736e+02 3.182514379994770479e+02 2.468145973437246710e+02 2.345576115850859651e+02 3.690811074193431409e+02 3.512148551824300284e+02 3.677589166187127034e+02 3.481452488608708791e+02 3.309728056165552630e+02 3.284391477214438169e+02 3.443132705913852192e+02 3.289137937633369120e+02 3.605750560116805445e+02 3.867896154667395194e+02 3.305150523147548256e+02 3.347346453733638896e+02 3.740841217679540023e+02 3.342141724925103290e+02 3.745480593274901366e+02 3.855191193643902352e+02 3.195105884507805172e+02 3.144190028435776867e+02 3.536332492789098865e+02 3.919160789161693401e+02 3.677105222885953708e+02 3.746249314106866564e+02
2.969080891416360828e+02 2.823665948824341285e+02 2.855669947415776164e+02 2.965115630523312689e+02 3.028896292197869684e+02 3.057545186104950403e+02 0.000000000000000000e+00 1.967834852822743983e+02 2.780744335285245938e+02 2.810504412001858441e+02 2.980639583816625873e+02 2.949870673701666988e+02 3.021407664356431155e+02 3.058323332581003910e+02 3.029518060543358047e+02 3.124829942538012233e+02 2.937323990098446984e+02 2.898407344455353041e+02 2.822154405870159621e+02 2.810349869834249148e+02 3.421270078615329453e+02 3.289801748318286627e+02 3.340773379083312307e+02 3.116993230361513838e+02 3.362648850687614868e+02 3.104672936544986896e+02 3.205196071241331879e+02 3.370593392382760385e+02 2.776889135639506208e+02 2.625940802576797068e+02 2.844197944033617773e+02 3.095277843522338799e+02 3.172677704349762848e+02 3.089012752007346876e+02 3.519222954415580489e+02 3.320641805039988981e+02 3.262218362270439798e+02 3.508290010448998260e+02 3.060630618357829462e+02 3.100118078396264991e+02 3.105765468657189672e+02 3.465753762485464904e+02 3.294361756876062373e+02 3.436045116060166151e+02
3.027200103986169779e+02 2.983850393319262366e+02 2.849274102728153366e+02 2.864218950481995876e+02 3.156959815919210541e+02 3.246589519993976296e+02 1.967834852822743983e+02 0.000000000000000000e+00 2.952713546324564504e+02 2.826318856249456530e+02 2.941695026506709496e+02 2.932452762111995526e+02 3.040745535041340872e+02 3.069763750503198594e+02 3.033043922970520612e+02 3.020792940287288388e+02 2.983770939827107327e+02 2.964916266919755685e+02 2.967652955902418057e+02 2.925615485517696470e+02 3.398689148591639082e+02 3.377249735509345783e+02 3.449293703774748110e+02 3.199857306318186829e+02 3.222858789115524587e+02 3.025941856417971394e+02 3.288672857165352070e+02 3.580020514653096484e+02 2.953759010789642048e+02 2.726811157800395335e+02 2.984749651911841966e+02 3.246145396845638516e+02 3.117720048999763094e+02 3.061771005510907457e+02 3.667180151625449867e+02 3.350138173913169908e+02 3.200051690937461331e+02 3.387945539952177683e+02 3.043773213176968397e+02 2.894513504504242292e+02 3.271080218048962820e+02 3.533619361692481675e+02 3.342008029096424480e+02 3.421839232886621289e+02
3.213219823328666394e+02 3.257831502423495067e+02 3.064771400905223118e+02 3.151666761649882460e+02 3.296773239113290401e+02 3.284741582801719915e+02 2.780744335285245938e+02 2.952713546324564504e+02 0.000000000000000000e+00 1.897657454556111816e+02 3.269067430943302952e+02 3.246808851562964264e+02 3.053702795514038826e+02 3.058497662081778117e+02 3.199793842255397180e+02 3.252986576625938824e+02 3.032293100040417926e+02 2.897745774524416902e+02 3.389451248238151493e+02 3.312639896568661584e+02 3.256506150202207550e+02 3.193471379548047935e+02 3.717577403008984334e+02 3.532866035789752459e+02 3.761116098621849346e+02 3.527801127430030874e+02 3.415813620811187548e+02 3.658195337967784440e+02 3.463969471717538795e+02 3.315815976651448977e+02 2.876939485623632322e+02 2.857897028989792716e+02 3.537399946312658017e+02 3.506476857621755130e+02 3.630309895335843180e+02 3.334192271210148419e+02 3.397247124869567187e+02 3.569142565231410344e+02 3.256765813573155697e+02 3.208350525579242571e+02 3.616829562646910290e+02 3.974036866522405944e+02 3.465751463356849627e+02 3.659935072700478145e+02
3.248356405046473583e+02 3.238702821324265528e+02 3.072199863532763970e+02 3.125777170080749556e+02 3.246607994640082211e+02 3.262527833778506192e+02 2.810504412001858441e+02 2.826318856249456530e+02 1.897657454556111816e+02 0.000000000000000000e+00 3.208488745798282480e+02 3.192111341907313999e+02 3.062167664029421417e+02 3.067076033136317506e+02 3.272151955156551821e+02 3.357210037058001717e+02 3.183463375404797375e+02 3.030969910185422123e+02 3.455252108431981810e+02 3.264129012674684986e+02 3.083318408485186524e+02 3.046990705137426403e+02 3.665204441132106581e+02 3.526350297562672154e+02 3.578511279106198231e+02 3.557734149186329660e+02 3.421333467913104869e+02 3.747135885600380902e+02 3.404707898424406380e+02 3.326946085393302610e+02 2.918820653086664265e+02 2.854965335798898991e+02 3.473663041166341259e+02 3.453135895288210122e+02 3.672270275897146803e+02 3.270884314114521203e+02 3.401931288743910500e+02 3.531274288120131928e+02 3.370632408439468009e+02 3.243128533857819775e+02 3.656714692749619644e+02 3.984889490734902893e+02 3.379323728403949758e+02 3.579545601308137748e+02
3.168554724271044734e+02 2.936938985436487428e+02 3.078782542490518495e+02 2.935957058942715889e+02 2.915166179730671274e+02 2.928465239025344999e+02 2.980639583816625873e+02 2.941695026506709496e+02 3.269067430943302952e+02 3.208488745798282480e+02 0.000000000000000000e+00 1.701372317936523473e+02 2.831963384672408779e+02 2.818849283968272630e+02 3.117575451742311543e+02 3.057452353377018994e+02 2.898610626597603073e+02 2.937809100781989287e+02 3.289445616223263755e+02 3.385809723249035414e+02 3.442359203707388815e+02 3.388031899394752600e+02 3.515828858333854896e+02 3.313941412943015621e+02 3.491499746016515360e+02 3.369246607978244015e+02 3.500273784632124716e+02 3.641812845792392750e+02 3.170809230004748542e+02 3.073382358395028859e+02 3.419214032566516721e+02 3.779289087671076572e+02 2.990892578269979936e+02 2.948046207492420194e+02 3.516139421786230059e+02 3.337010875062987338e+02 3.373915315595772881e+02 3.524250400046158802e+02 2.991959166143662401e+02 2.901573822459881740e+02 3.650307617016654831e+02 3.929970697559868995e+02 3.724426770168974485e+02 3.931184122918490971e+02
3.101551930145972165e+02 2.900931363212613405e+02 2.981163016186659434e+02 2.805426602032867436e+02 2.847433156834703141e+02 2.785997826652454705e+02 2.949870673701666988e+02 2.932452762111995526e+02 3.246808851562964264e+02 3.192111341907313999e+02 1.701372317936523473e+02 0.000000000000000000e+00 2.760519599726740694e+02 2.802441284538328432e+02 3.118608878009625300e+02 3.071985258922990170e+02 2.909990068853688854e+02 2.855336935134139367e+02 3.239782323145652185e+02 3.370498040942502485e+02 3.417107618598506065e+02 3.372071410246962273e+02 3.396488300866032546e+02 3.209874462462173597e+02 3.413032973030921085e+02 3.241921219359097677e+02 3.387551036622162997e+02 3.470647101428176597e+02 3.082231812390886603e+02 2.986311397478835374e+02 3.446232347704450376e+02 3.742017139487984991e+02 2.915106699410284818e+02 2.818240517826147311e+02 3.534816133978213202e+02 3.332659004741667559e+02 3.387479493987017349e+02 3.631448977947763979e+02 2.964780984580311269e+02 2.913474652220762664e+02 3.558886271398347958e+02 3.801093891796621165e+02 3.611787568393294237e+02 3.830207885040492215e+02
2.841434680813416662e+02 2.585685080024704803e+02 3.326004186951099655e+02 3.284290501005858118e+02 2.780606619217929847e+02 2.771191213547629673e+02 3.021407664356431155e+02 3.040745535041340872e+02 3.053702795514038826e+02 3.062167664029421417e+02 2.831963384672408779e+02 2.760519599726740694e+02 0.000000000000000000e+00 1.785212130296104647e+02 3.039738678951055135e+02 3.061985240944872544e+02 2.895010855030961920e+02 2.864779801068827965e+02 3.188590875701906384e+02 3.200548146483411642e+02 3.082648457438195919e+02 2.884223731302755596e+02 3.521163775194435743e+02 3.291595933594877010e+02 3.526283832767969102e+02 3.284459388861747584e+02 3.228287066978114694e+02 3.523538578812361379e+02 3.361852565329492109e+02 3.246298219003165286e+02 3.427580912862557057e+02 3.722727430820690984e+02 2.972136215342304126e+02 2.965944671225114462e+02 3.212955454869959340e+02 2.921419077035910732e+02 3.331194107899487449e+02 3.533045197790982570e+02 3.100883827317928194e+02 3.098270027141060723e+02 3.686436919379138430e+02 3.728608387471680317e+02 3.686282187365207506e+02 3.785830557618086232e+02
2.906980099040358141e+02 2.653326004019015727e+02 3.340252800399437092e+02 3.321472582832183775e+02 2.771705815118569944e+02 2.852083573663614970e+02 3.058323332581003910e+02 3.069763750503198594e+02 3.058497662081778117e+02 3.067076033136317506e+02 2.818849283968272630e+02 2.802441284538328432e+02 1.785212130296104647e+02 0.000000000000000000e+00 3.110249609003277556e+02 3.164006122449449094e+02 2.982133757609056488e+02 2.952315479975002290e+02 3.238344831012864802e+02 3.147685450141397041e+02 3.092478712793670752e+02 2.795868066170693282e+02 3.597164263414093739e+02 3.320600054551577500e+02 3.598438822349963857e+02 3.382884438722550726e+02 3.357117238737956768e+02 3.526371413456685673e+02 3.380961077650705988e+02 3.304521514556457760e+02 3.469254017490981141e+02 3.787644951306108965e+02 3.116797709631460975e+02 3.080785450126068099e+02 3.340697711386662832e+02 3.058763698956298072e+02 3.409218956873547199e+02 3.604863379506628007e+02 3.152379698686333995e+02 3.114999599848814000e+02 3.711124071947986636e+02 3.821432681371564399e+02 3.718953765257935515e+02 3.859942045737847138e+02
3.389698242426746901e+02 3.306396454440598518e+02 3.250744968642999311e+02 3.170800372921750636e+02 3.384946994897046011e+02 3.393879290183725743e+02 3.029518060543358047e+02 3.033043922970520612e+02 3.199793842255397180e+02 3.272151955156551821e+02 3.117575451742311543e+02 3.118608878009625300e+02 3.039738678951055135e+02 3.110249609003277556e+02 0.000000000000000000e+00 1.973527831479582630e+02 2.671618359897801724e+02 2.602503283122511561e+02 2.970600175477826497e+02 3.077165000093876870e+02 3.538021818584319362e+02 3.423951225873370845e+02 4.131258141409301743e+02 3.968354963988211352e+02 3.478024840606769885e+02 3.423894110330224976e+02 3.632418454946829343e+02 3.899426455084787335e+02 3.390922155274662373e+02 3.182303251084380236e+02 3.363080831489868388e+02 3.645250506237908326e+02 3.642817556777746404e+02 3.620435239950257937e+02 3.589682326619137029e+02 3.394328620913310601e+02 2.803942895776035016e+02 2.867196515522987283e+02 3.085875863312965635e+02 3.165488870563772252e+02 3.693124102660864878e+02 3.377663240424175797e+02 3.883261083646933685e+02 3.923421923415048127e+02
3.434826354293001600e+02 3.357801677881362821e+02 3.134441409390094009e+02 3.071698482909270069e+02 3.396840605270670039e+02 3.419225415571968369e+02 3.124829942538012233e+02 3.020792940287288388e+02 3.252986576625938824e+02 3.357210037058001717e+02 3.057452353377018994e+02 3.071985258922990170e+02 3.061985240944872544e+02 3.164006122449449094e+02 1.973527831479582630e+02 0.000000000000000000e+00 2.819136481736645123e+02 2.793881092622590359e+02 3.031988288202243211e+02 3.106313881204217182e+02 3.505853686587923903e+02 3.507812435398120101e+02 4.142189289275726765e+02 3.905248728743825382e+02 3.460837275820713899e+02 3.374520533190117817e+02 3.726286423987883154e+02 3.927790811504525550e+02 3.355035285978324282e+02 3.173171201595968114e+02 3.411004228505721585e+02 3.624451491887545558e+02 3.621550481656454394e+02 3.624091308406746066e+02 3.624558024334873494e+02 3.444561357690325281e+02 2.806726185981260642e+02 2.856543526328470648e+02 3.058040378566623190e+02 3.100616192318169624e+02 3.760910950483556121e+02 3.368768810981109709e+02 3.913008560046995967e+02 3.978694712087579433e+02
3.265400751671760986e+02 3.156477199554326489e+02 3.005315971586284149e+02 3.057475340198661797e+02 2.995144779873944003e+02 2.985653886126802377e+02 2.937323990098446984e+02 2.983770939827107327e+02 3.032293100040417926e+02 3.183463375404797375e+02 2.898610626597603073e+02 2.909990068853688854e+02 2.895010855030961920e+02 2.982133757609056488e+02 2.671618359897801724e+02 2.819136481736645123e+02 0.000000000000000000e+00 1.806647331478398826e+02 3.407590557656770329e+02 3.433429123847909636e+02 3.077828932164752018e+02 3.109554767418893562e+02 3.899819262651285499e+02 3.545072445896482236e+02 3.541881254052929080e+02 3.212804052843148384e+02 3.699521644995768952e+02 3.822970317510356608e+02 3.251600663440280528e+02 3.061405178124320514e+02 3.419415366568130707e+02 3.581625268908051112e+02 3.315502701918335902e+02 3.264019882749851718e+02 3.763897020961005637e+02 3.439810368282895183e+02 3.396824516892087900e+02 3.618043418966535114e+02 3.075551465995014269e+02 3.024801682843827848e+02 3.680546359331038389e+02 3.946142684436990749e+02 3.791442983931933099e+02 3.968136971031042890e+02
3.177193811547353448e+02 3.045729324917623444e+02 2.990456448396317342e+02 2.995602100404340717e+02 3.048708276735330287e+02 3.002030657260269209e+02 2.898407344455353041e+02 2.964916266919755685e+02 2.897745774524416902e+02 3.030969910185422123e+02 2.937809100781989287e+02 2.855336935134139367e+02 2.864779801068827965e+02 2.952315479975002290e+02 2.602503283122511561e+02 2.793881092622590359e+02 1.806647331478398826e+02 0.000000000000000000e+00 3.280454771706775432e+02 3.328729970077283156e+02 3.149609233785124047e+02 3.118035978110441420e+02 3.772291763370623130e+02 3.438492946859699373e+02 3.463964085130618287e+02 3.225382015466644816e+02 3.605123485042041125e+02 3.842146108719760491e+02 3.257018937571974675e+02 3.078208763669582027e+02 3.355544807980908217e+02 3.513091265541327175e+02 3.324317288926481524e+02 3.270312408644857669e+02 3.691120311350893530e+02 3.382747046779233528e+02 3.356514302219526371e+02 3.587328075161277638e+02 3.045499577610380584e+02 3.010914772973415552e+02 3.607535254196869232e+02 3.858413042091710281e+02 3.731247414474033803e+02 3.872378296894445953e+02
3.103440099054472512e+02 3.066029855834186719e+02 3.401311206847468611e+02 3.434229679167917197e+02 3.285118640063166140e+02 3.238659738355809736e+02 2.822154405870159621e+02 2.967652955902418057e+02 3.389451248238151493e+02 3.455252108431981810e+02 3.289445616223263755e+02 3.239782323145652185e+02 3.188590875701906384e+02 3.238344831012864802e+02 2.970600175477826497e+02 3.031988288202243211e+02 3.407590557656770329e+02 3.280454771706775432e+02 0.000000000000000000e+00 1.960489262738226159e+02 3.523479973141345454e+02 3.363698886449349743e+02 4.015410429716804970e+02 3.771071111256874246e+02 3.701102446652161007e+02 3.376143085044667487e+02 3.686635445105818008e+02 3.806439396020841173e+02 3.370936254383734081e+02 3.206466527914658968e+02 3.372652930200530363e+02 3.697010228421839315e+02 3.582899395104977884e+02 3.545343948802242267e+02 3.975455759255567045e+02 3.744250330595976379e+02 3.320427316018094643e+02 3.415232235645119090e+02 3.329379173581291411e+02 3.529050379997900109e+02 3.021773328121474833e+02 2.882365457712986085e+02 3.904881099178402337e+02 3.945471381454167386e+02
3.093019628647191439e+02 2.991791704267459409e+02 3.522504674771839177e+02 3.512560918503570520e+02 3.239886516100112317e+02 3.182514379994770479e+02 2.810349869834249148e+02 2.925615485517696470e+02 3.312639896568661584e+02 3.264129012674684986e+02 3.385809723249035414e+02 3.370498040942502485e+02 3.200548146483411642e+02 3.147685450141397041e+02 3.077165000093876870e+02 3.106313881204217182e+02 3.433429123847909636e+02 3.328729970077283156e+02 1.960489262738226159e+02 0.000000000000000000e+00 3.599474148244873959e+02 3.284236675936895153e+02 3.969191788537816024e+02 3.676489491340546465e+02 3.674543831114496584e+02 3.450575199040169991e+02 3.733469321636767972e+02 3.912620057367500408e+02 3.322216634815038674e+02 3.101678383604050282e+02 3.229136132415724774e+02 3.482360105065739617e+02 3.647470771609239932e+02 3.630007713049654399e+02 4.030450373654592227e+02 3.714286208612592759e+02 3.303186904988237416e+02 3.394404662603246834e+02 3.369199818769465651e+02 3.491656060816540617e+02 3.084056100510196643e+02 3.160793758114412526e+02 3.929428389695675605e+02 3.930621498140362178e+02
3.573649915444131580e+02 3.507232477708032548e+02 3.161301958680853659e+02 3.094852308614050571e+02 2.660847052229891574e+02 2.468145973437246710e+02 3.421270078615329453e+02 3.398689148591639082e+02 3.256506150202207550e+02 3.083318408485186524e+02 3.442359203707388815e+02 3.417107618598506065e+02 3.082648457438195919e+02 3.092478712793670752e+02 3.538021818584319362e+02 3.505853686587923903e+02 3.077828932164752018e+02 3.149609233785124047e+02 3.523479973141345454e+02 3.599474148244873959e+02 0.000000000000000000e+00 1.992314603181369250e+02 4.187144909658917413e+02 3.784410487382056658e+02 3.836276768583150556e+02 3.824261339525451149e+02 3.817218488888786965e+02 3.967727710661686729e+02 3.860234293836301163e+02 3.790316273467921633e+02 3.917213772298212007e+02 3.953834560792134880e+02 3.775651143440894089e+02 3.810407836079691606e+02 4.005889841423329472e+02 3.548198216906099560e+02 3.929074309742376272e+02 3.972760754830299561e+02 3.402090810377345065e+02 3.372762307243131659e+02 3.853191043819236938e+02 4.238526507024779448e+02 3.938880463381531740e+02 3.934778239352821743e+02
3.385135369477565064e+02 3.261028839256350693e+02 3.178084719913651384e+02 3.087501617722184619e+02 2.543524744477705610e+02 2.345576115850859651e+02 3.289801748318286627e+02 3.377249735509345783e+02 3.193471379548047935e+02 3.046990705137426403e+02 3.388031899394752600e+02 3.372071410246962273e+02 2.884223731302755596e+02 2.795868066170693282e+02 3.423951225873370845e+02 3.507812435398120101e+02 3.109554767418893562e+02 3.118035978110441420e+02 3.363698886449349743e+02 3.284236675936895153e+02 1.992314603181369250e+02 0.000000000000000000e+00 3.935994238488075894e+02 3.556375599553966822e+02 3.817653809307284973e+02 3.684371918657570859e+02 3.579456441166811942e+02 3.615818946208367493e+02 3.722412566582624436e+02 3.626464608690236560e+02 3.689225857164725539e+02 3.850118986887474648e+02 3.670256669809175492e+02 3.684052754373641392e+02 3.739213704448742419e+02 3.252947456180306744e+02 3.979932391828597815e+02 4.125084571393023225e+02 3.496102310289908246e+02 3.430169171247209192e+02 3.701289807201176245e+02 4.127890654859642723e+02 3.746411192718223333e+02 3.705737663463049216e+02
3.122174330141836549e+02 2.933133364145010660e+02 3.743464336276612130e+02 3.775983518027347259e+02 3.611607950130797917e+02 3.690811074193431409e+02 3.340773379083312307e+02 3.449293703774748110e+02 3.717577403008984334e+02 3.665204441132106581e+02 3.515828858333854896e+02 3.396488300866032546e+02 3.521163775194435743e+02 3.597164263414093739e+02 4.131258141409301743e+02 4.142189289275726765e+02 3.899819262651285499e+02 3.772291763370623130e+02 4.015410429716804970e+02 3.969191788537816024e+02 4.187144909658917413e+02 3.935994238488075894e+02 0.000000000000000000e+00 2.018015147147114021e+02 3.901523562479638372e+02 3.732389532996771777e+02 3.263311141929522705e+02 3.408937074426856952e+02 3.472507558549485793e+02 3.205131558228140989e+02 3.531832604796522901e+02 3.961596838796305065e+02 2.928825020289604595e+02 2.727122327926782077e+02 3.347886987046210265e+02 3.293072241510019467e+02 3.747087271563343052e+02 4.106050544627689192e+02 3.661544299253296799e+02 3.503695010619322261e+02 3.632213185316597901e+02 3.998208480141352084e+02 3.803457323378700039e+02 3.838118255510652261e+02
3.068184746559169298e+02 2.862038452389271015e+02 3.362983044697982109e+02 3.366408860588861671e+02 3.444109952450001515e+02 3.512148551824300284e+02 3.116993230361513838e+02 3.199857306318186829e+02 3.532866035789752459e+02 3.526350297562672154e+02 3.313941412943015621e+02 3.209874462462173597e+02 3.291595933594877010e+02 3.320600054551577500e+02 3.968354963988211352e+02 3.905248728743825382e+02 3.545072445896482236e+02 3.438492946859699373e+02 3.771071111256874246e+02 3.676489491340546465e+02 3.784410487382056658e+02 3.556375599553966822e+02 2.018015147147114021e+02 0.000000000000000000e+00 3.651284251024910077e+02 3.603212655957095194e+02 3.272799807699975645e+02 3.401662370865976754e+02 3.424006135154002095e+02 3.189052596383558011e+02 3.427620761281633577e+02 3.772521924166593408e+02 2.923092200808929988e+02 2.860686290174402870e+02 3.275429834144291590e+02 3.256547248746881564e+02 3.679193279368128060e+02 3.876865101481917577e+02 3.447166067153686981e+02 3.310713668278634714e+02 3.484276099645905447e+02 3.904567773512680446e+02 3.586638649775400722e+02 3.531517898406751215e+02
3.724559897739117105e+02 3.630277464932891007e+02 3.197432554374561846e+02 3.300187445488788853e+02 3.582084245519988599e+02 3.677589166187127034e+02 3.362648850687614868e+02 3.222858789115524587e+02 3.761116098621849346e+02 3.578511279106198231e+02 3.491499746016515360e+02 3.413032973030921085e+02 3.526283832767969102e+02 3.598438822349963857e+02 3.478024840606769885e+02 3.460837275820713899e+02 3.541881254052929080e+02 3.463964085130618287e+02 3.701102446652161007e+02 3.674543831114496584e+02 3.836276768583150556e+02 3.817653809307284973e+02 3.901523562479638372e+02 3.651284251024910077e+02 0.000000000000000000e+00 2.207335554298382760e+02 3.623394012267793869e+02 3.845895291415245651e+02 3.204479216321989270e+02 2.886053333878843432e+02 3.182907114244924855e+02 3.559940209184157425e+02 3.467783672193415896e+02 3.370775173025637628e+02 4.001263090152849600e+02 3.650539623046798283e+02 3.402166571591606044e+02 3.583131372944858981e+02 3.459061555583135146e+02 3.483046297730435867e+02 4.028576827156379636e+02 4.007228574991058281e+02 3.437802671308357390e+02 3.607522856973014314e+02
3.330686327830542268e+02 3.324848167569790576e+02 3.215086244792641992e+02 3.278002712515827852e+02 3.349900282984797286e+02 3.481452488608708791e+02 3.104672936544986896e+02 3.025941856417971394e+02 3.527801127430030874e+02 3.557734149186329660e+02 3.369246607978244015e+02 3.241921219359097677e+02 3.284459388861747584e+02 3.382884438722550726e+02 3.423894110330224976e+02 3.374520533190117817e+02 3.212804052843148384e+02 3.225382015466644816e+02 3.376143085044667487e+02 3.450575199040169991e+02 3.824261339525451149e+02 3.684371918657570859e+02 3.732389532996771777e+02 3.603212655957095194e+02 2.207335554298382760e+02 0.000000000000000000e+00 3.658764895464790925e+02 3.941698169957876416e+02 3.044052910365741695e+02 2.781984757381245572e+02 3.267062638322535690e+02 3.626014355453528424e+02 3.270698090492983283e+02 3.245685976686921208e+02 3.842099668762758711e+02 3.609081675675856218e+02 3.312465481119098740e+02 3.377210965341684528e+02 3.256192551870811940e+02 3.293448182932806958e+02 3.843881375519314361e+02 3.778523738153157865e+02 3.499022352545661647e+02 3.666572248066021302e+02
3.323313395841311149e+02 3.371757666196369883e+02 3.407079674482758378e+02 3.361070350784406742e+02 3.269545196309403536e+02 3.309728056165552630e+02 3.205196071241331879e+02 3.288672857165352070e+02 3.415813620811187548e+02 3.421333467913104869e+02 3.500273784632124716e+02 3.387551036622162997e+02 3.228287066978114694e+02 3.357117238737956768e+02 3.632418454946829343e+02 3.726286423987883154e+02 3.699521644995768952e+02 3.605123485042041125e+02 3.686635445105818008e+02 3.733469321636767972e+02 3.817218488888786965e+02 3.579456441166811942e+02 3.263311141929522705e+02 3.272799807699975645e+02 3.623394012267793869e+02 3.658764895464790925e+02 0.000000000000000000e+00 2.058309523977061986e+02 3.391156251825375989e+02 3.227386414090539120e+02 3.478956222185865386e+02 3.646694297858697951e+02 3.318140853588966479e+02 3.029387851811974883e+02 3.289050842827025463e+02 3.142781588058285820e+02 3.681037533136245088e+02 3.952724973120048730e+02 3.286779965183217769e+02 3.237502123492591295e+02 3.875340367231108303e+02 3.981142704113837567e+02 2.578822184093147030e+02 2.680808063914229820e+02
3.591621749913379631e+02 3.459372902610799088e+02 3.585787580172727758e+02 3.586369370056929711e+02 3.229040492577775012e+02 3.284391477214438169e+02 3.370593392382760385e+02 3.580020514653096484e+02 3.658195337967784440e+02 3.747135885600380902e+02 3.641812845792392750e+02 3.470647101428176597e+02 3.523538578812361379e+02 3.526371413456685673e+02 3.899426455084787335e+02 3.927790811504525550e+02 3.822970317510356608e+02 3.842146108719760491e+02 3.806439396020841173e+02 3.912620057367500408e+02 3.967727710661686729e+02 3.615818946208367493e+02 3.408937074426856952e+02 3.401662370865976754e+02 3.845895291415245651e+02 3.941698169957876416e+02 2.058309523977061986e+02 0.000000000000000000e+00 3.510769010039455793e+02 3.346772539425476225e+02 3.826379252241136442e+02 3.892197984811178912e+02 3.418632636036510348e+02 3.143167376654029113e+02 3.508159052556854363e+02 3.431131452809682969e+02 3.950479396687343865e+02 4.045511069000866655e+02 3.196668023365329532e+02 3.191946886328824462e+02 3.852397496706042830e+02 4.185267824029198209e+02 2.681244394356378962e+02 2.745163787207995369e+02
3.269256626590055816e+02 3.121960028655386168e+02 3.382737117485592080e+02 3.390795612781884074e+02 3.347057419088613415e+02 3.443132705913852192e+02 2.776889135639506208e+02 2.953759010789642048e+02 3.463969471717538795e+02 3.404707898424406380e+02 3.170809230004748542e+02 3.082231812390886603e+02 3.361852565329492109e+02 3.380961077650705988e+02 3.390922155274662373e+02 3.355035285978324282e+02 3.251600663440280528e+02 3.257018937571974675e+02 3.370936254383734081e+02 3.322216634815038674e+02 3.860234293836301163e+02 3.722412566582624436e+02 3.472507558549485793e+02 3.424006135154002095e+02 3.204479216321989270e+02 3.044052910365741695e+02 3.391156251825375989e+02 3.510769010039455793e+02 0.000000000000000000e+00 2.146798312195284382e+02 3.088939315080175447e+02 3.333588333371868657e+02 3.130113884627074867e+02 2.968926483602064650e+02 3.788776108437519952e+02 3.285930571403705471e+02 3.338139226516129270e+02 3.569963931417817093e+02 3.174127932799428322e+02 3.072546984569769961e+02 3.235164773403845970e+02 3.670344226472097944e+02 3.692676630807236506e+02 3.957133632809825485e+02
3.375306893190434039e+02 3.005467306985954110e+02 3.318715350766743768e+02 3.301189574450560826e+02 3.185697157020336476e+02 3.289137937633369120e+02 2.625940802576797068e+02 2.726811157800395335e+02 3.315815976651448977e+02 3.326946085393302610e+02 3.073382358395028859e+02 2.986311397478835374e+02 3.246298219003165286e+02 3.304521514556457760e+02 3.182303251084380236e+02 3.173171201595968114e+02 3.061405178124320514e+02 3.078208763669582027e+02 3.206466527914658968e+02 3.101678383604050282e+02 3.790316273467921633e+02 3.626464608690236560e+02 3.205131558228140989e+02 3.189052596383558011e+02 2.886053333878843432e+02 2.781984757381245572e+02 3.227386414090539120e+02 3.346772539425476225e+02 2.146798312195284382e+02 0.000000000000000000e+00 2.806998815651011228e+02 3.337669412394329242e+02 3.229708018293602549e+02 2.988891353509948772e+02 3.845896044048145654e+02 3.457230325504637563e+02 3.026071158058032893e+02 3.379419687809674429e+02 3.038892160278839469e+02 2.996652327317252684e+02 3.086946968357432297e+02 3.431444600707350787e+02 3.629934821959084843e+02 3.776137386415251740e+02
3.546018081624967522e+02 3.395898299056432847e+02 3.440451687099174478e+02 3.540605601724997769e+02 3.416879244698952789e+02 3.605750560116805445e+02 2.844197944033617773e+02 2.984749651911841966e+02 2.876939485623632322e+02 2.918820653086664265e+02 3.419214032566516721e+02 3.446232347704450376e+02 3.427580912862557057e+02 3.469254017490981141e+02 3.363080831489868388e+02 3.411004228505721585e+02 3.419415366568130707e+02 3.355544807980908217e+02 3.372652930200530363e+02 3.229136132415724774e+02 3.917213772298212007e+02 3.689225857164725539e+02 3.531832604796522901e+02 3.427620761281633577e+02 3.182907114244924855e+02 3.267062638322535690e+02 3.478956222185865386e+02 3.826379252241136442e+02 3.088939315080175447e+02 2.806998815651011228e+02 0.000000000000000000e+00 2.319534205296103551e+02 3.477511903309192576e+02 3.380898341530547668e+02 3.724041783167770632e+02 3.428971355134268606e+02 3.254235641448254341e+02 3.460074167855468659e+02 3.424958540985517743e+02 3.373994721303916435e+02 3.151698213923498884e+02 3.564748511633922590e+02 3.498236466055964229e+02 3.686724974804428712e+02
3.704115119442533341e+02 3.679161873662079074e+02 3.643876395989483399e+02 3.746505286347765491e+02 3.759090728211603505e+02 3.867896154667395194e+02 3.095277843522338799e+02 3.246145396845638516e+02 2.857897028989792716e+02 2.854965335798898991e+02 3.779289087671076572e+02 3.742017139487984991e+02 3.722727430820690984e+02 3.787644951306108965e+02 3.645250506237908326e+02 3.624451491887545558e+02 3.581625268908051112e+02 3.513091265541327175e+02 3.697010228421839315e+02 3.482360105065739617e+02 3.953834560792134880e+02 3.850118986887474648e+02 3.961596838796305065e+02 3.772521924166593408e+02 3.559940209184157425e+02 3.626014355453528424e+02 3.646694297858697951e+02 3.892197984811178912e+02 3.333588333371868657e+02 3.337669412394329242e+02 2.319534205296103551e+02 0.000000000000000000e+00 3.720009559610869587e+02 3.667878587572967035e+02 4.059236269379429700e+02 3.710948040576350309e+02 3.619931071291611033e+02 3.709561174074482324e+02 3.680066907467599435e+02 3.694306048807399634e+02 3.449173601525885147e+02 3.768922342263928726e+02 3.654230394060671188e+02 3.953940781594332066e+02
3.037537370820631395e+02 2.924928873429656164e+02 3.382292009983122512e+02 3.415234911321306868e+02 3.203234262572973421e+02 3.305150523147548256e+02 3.172677704349762848e+02 3.117720048999763094e+02 3.537399946312658017e+02 3.473663041166341259e+02 2.990892578269979936e+02 2.915106699410284818e+02 2.972136215342304126e+02 3.116797709631460975e+02 3.642817556777746404e+02 3.621550481656454394e+02 3.315502701918335902e+02 3.324317288926481524e+02 3.582899395104977884e+02 3.647470771609239932e+02 3.775651143440894089e+02 3.670256669809175492e+02 2.928825020289604595e+02 2.923092200808929988e+02 3.467783672193415896e+02 3.270698090492983283e+02 3.318140853588966479e+02 3.418632636036510348e+02 3.130113884627074867e+02 3.229708018293602549e+02 3.477511903309192576e+02 3.720009559610869587e+02 0.000000000000000000e+00 1.792807625612774984e+02 3.365909624478408091e+02 3.167965505828044002e+02 3.638149754928114703e+02 3.855528268116318600e+02 3.420043264999264352e+02 3.251179863745196599e+02 3.544685551230165288e+02 3.893700700027592916e+02 3.533553581913593575e+02 3.697238952516219115e+02
3.023443936383967525e+02 2.909355705306924733e+02 3.385341379128344101e+02 3.465175783216772629e+02 3.176654696706982008e+02 3.347346453733638896e+02 3.089012752007346876e+02 3.061771005510907457e+02 3.506476857621755130e+02 3.453135895288210122e+02 2.948046207492420194e+02 2.818240517826147311e+02 2.965944671225114462e+02 3.080785450126068099e+02 3.620435239950257937e+02 3.624091308406746066e+02 3.264019882749851718e+02 3.270312408644857669e+02 3.545343948802242267e+02 3.630007713049654399e+02 3.810407836079691606e+02 3.684052754373641392e+02 2.727122327926782077e+02 2.860686290174402870e+02 3.370775173025637628e+02 3.245685976686921208e+02 3.029387851811974883e+02 3.143167376654029113e+02 2.968926483602064650e+02 2.988891353509948772e+02 3.380898341530547668e+02 3.667878587572967035e+02 1.792807625612774984e+02 0.000000000000000000e+00 3.362740149661192390e+02 3.043781186339427336e+02 3.501297821747494936e+02 3.783827738788243096e+02 3.235310565143015538e+02 3.181312493983726313e+02 3.488480079161770391e+02 3.785907573201670857e+02 3.428273690872485417e+02 3.542343173149592417e+02
3.644053350148164441e+02 3.525837640481774997e+02 3.759948835784530843e+02 3.728752903287480081e+02 3.734509928112227044e+02 3.740841217679540023e+02 3.519222954415580489e+02 3.667180151625449867e+02 3.630309895335843180e+02 3.672270275897146803e+02 3.516139421786230059e+02 3.534816133978213202e+02 3.212955454869959340e+02 3.340697711386662832e+02 3.589682326619137029e+02 3.624558024334873494e+02 3.763897020961005637e+02 3.691120311350893530e+02 3.975455759255567045e+02 4.030450373654592227e+02 4.005889841423329472e+02 3.739213704448742419e+02 3.347886987046210265e+02 3.275429834144291590e+02 4.001263090152849600e+02 3.842099668762758711e+02 3.289050842827025463e+02 3.508159052556854363e+02 3.788776108437519952e+02 3.845896044048145654e+02 3.724041783167770632e+02 4.059236269379429700e+02 3.365909624478408091e+02 3.362740149661192390e+02 0.000000000000000000e+00 2.371370682808469610e+02 3.327752822346741368e+02 3.558564703094292554e+02 3.362590712229264795e+02 3.426749449394105227e+02 4.212249254305432373e+02 3.749386271452167989e+02 3.516628365941344896e+02 3.565166760468376310e+02
3.294099187240213951e+02 3.230563725283138297e+02 3.469475461633818441e+02 3.367989613788905103e+02 3.374148082658214207e+02 3.342141724925103290e+02 3.320641805039988981e+02 3.350138173913169908e+02 3.334192271210148419e+02 3.270884314114521203e+02 3.337010875062987338e+02 3.332659004741667559e+02 2.921419077035910732e+02 3.058763698956298072e+02 3.394328620913310601e+02 3.444561357690325281e+02 3.439810368282895183e+02 3.382747046779233528e+02 3.744250330595976379e+02 3.714286208612592759e+02 3.548198216906099560e+02 3.252947456180306744e+02 3.293072241510019467e+02 3.256547248746881564e+02 3.650539623046798283e+02 3.609081675675856218e+02 3.142781588058285820e+02 3.431131452809682969e+02 3.285930571403705471e+02 3.457230325504637563e+02 3.428971355134268606e+02 3.710948040576350309e+02 3.167965505828044002e+02 3.043781186339427336e+02 2.371370682808469610e+02 0.000000000000000000e+00 3.329728853162955033e+02 3.599787534295614364e+02 3.089785150562032072e+02 3.000366816603535653e+02 3.879147683577449470e+02 3.698143740828689374e+02 3.335360932567154464e+02 3.494118288231060205e+02
